1.0
6.0
-2.0
-1.0
2.0
-12.0
3.0
-4.0
-1.0
1.0
-15.0
11.0
0.0
-3.0
-3.0
5.0
2.0
3.0
1.0
-1.0
-2.0
-4.0
-15.0
-2.0
-3.0
2.0
2.0
2.0
-1.0
-6.0
3.0
2.0
4.0
-1.0
7.0
11.0
3.0
4.0
5.0
-3.0
3.0
2.0
1.0
2.0
6.0
0.0
0.0
0.0
4.0
0.0
1.0
0.0
4.0
-7.0
1.0
8.0
6.0
13.0
11.0
1.0
7.0
11.0
-4.0
1.0
1.0
3.0
0.0
1.0
3.0
8.0
9.0
-7.0
0.0
6.0
-4.0
0.0
-8.0
-3.0
19.0
9.0
-7.0
2.0
1.0
1.0
3.0
-3.0
6.0
4.0
14.0
4.0
11.0
6.0
-2.0
2.0
11.0
6.0
7.0
-2.0
2.0
2.0
2.0
2.0
1.0
2.0
8.0
-2.0
2.0
4.0
1.0
6.0
10.0
4.0
2.0
7.0
7.0
9.0
7.0
4.0
4.0
-2.0
-1.0
-4.0
3.0
5.0
3.0
0.0
8.0
8.0
1.0
-4.0
8.0
6.0
-1.0
4.0
-1.0
2.0
1.0
3.0
-3.0
3.0
3.0
6.0
11.0
9.0
5.0
13.0
1.0
6.0
5.0
3.0
1.0
-2.0
6.0
15.0
13.0
6.0
1.0
-3.0
8.0
1.0
-5.0
9.0
16.0
6.0
6.0
3.0
18.0
12.0
5.0
1.0
14.0
-4.0
6.0
6.0
18.0
8.0
9.0
5.0
-2.0
18.0
10.0
0.0
10.0
3.0
10.0
3.0
-1.0
8.0
12.0
6.0
13.0
17.0
9.0
5.0
2.0
18.0
0.0
-2.0
10.0
17.0
7.0
15.0
6.0
14.0
2.0
13.0
-6.0
4.0
-5.0
-3.0
9.0
3.0
12.0
-4.0
3.0
3.0
8.0
3.0
14.0
8.0
23.0
15.0
10.0
20.0
-1.0
-2.0
27.0
9.0
10.0
9.0
13.0
9.0
6.0
6.0
6.0
-2.0
1.0
1.0
22.0
2.0
15.0
10.0
18.0
5.0
13.0
15.0
11.0
18.0
12.0
25.0
15.0
4.0
17.0
13.0
5.0
8.0
14.0
4.0
6.0
7.0
11.0
3.0
21.0
10.0
3.0
5.0
5.0
8.0
15.0
18.0
6.0
7.0
17.0
25.0
19.0
20.0
16.0
21.0
14.0
1.0
8.0
3.0
8.0
7.0
16.0
21.0
4.0
31.0
29.0
15.0
16.0
8.0
-2.0
3.0
14.0
16.0
14.0
12.0
17.0
9.0
23.0
9.0
11.0
14.0
27.0
23.0
15.0
10.0
23.0
12.0
22.0
2.0
17.0
12.0
14.0
8.0
-1.0
12.0
12.0
20.0
12.0
0.0
14.0
4.0
10.0
10.0
29.0
19.0
27.0
33.0
23.0
7.0
11.0
1.0
25.0
19.0
8.0
17.0
28.0
21.0
23.0
14.0
31.0
39.0
15.0
38.0
11.0
38.0
23.0
45.0
9.0
26.0
16.0
21.0
15.0
3.0
36.0
20.0
16.0
12.0
7.0
14.0
28.0
14.0
11.0
12.0
18.0
27.0
4.0
30.0
12.0
14.0
26.0
14.0
15.0
15.0
17.0
42.0
28.0
47.0
13.0
25.0
34.0
24.0
11.0
16.0
29.0
19.0
36.0
27.0
41.0
25.0
32.0
55.0
43.0
21.0
17.0
39.0
29.0
40.0
38.0
29.0
38.0
47.0
24.0
13.0
37.0
22.0
23.0
29.0
21.0
18.0
29.0
24.0
36.0
26.0
38.0
35.0
32.0
30.0
23.0
29.0
32.0
33.0
48.0
45.0
36.0
49.0
41.0
46.0
52.0
35.0
34.0
33.0
26.0
28.0
17.0
28.0
37.0
52.0
34.0
26.0
51.0
33.0
33.0
18.0
23.0
27.0
51.0
39.0
44.0
38.0
33.0
41.0
37.0
45.0
41.0
19.0
35.0
34.0
34.0
34.0
35.0
37.0
43.0
23.0
26.0
29.0
39.0
32.0
36.0
15.0
38.0
28.0
32.0
48.0
26.0
47.0
46.0
28.0
32.0
53.0
44.0
55.0
46.0
40.0
45.0
23.0
39.0
40.0
31.0
45.0
40.0
43.0
49.0
47.0
29.0
24.0
57.0
35.0
45.0
30.0
52.0
26.0
38.0
49.0
46.0
38.0
43.0
31.0
41.0
34.0
40.0
52.0
38.0
51.0
36.0
55.0
44.0
41.0
44.0
44.0
47.0
27.0
50.0
39.0
20.0
42.0
51.0
49.0
51.0
51.0
37.0
32.0
51.0
42.0
44.0
48.0
55.0
53.0
18.0
57.0
43.0
46.0
46.0
24.0
41.0
34.0
45.0
27.0
34.0
41.0
39.0
35.0
45.0
27.0
26.0
40.0
41.0
41.0
47.0
47.0
47.0
31.0
46.0
41.0
44.0
46.0
42.0
47.0
44.0
51.0
37.0
30.0
42.0
44.0
28.0
35.0
45.0
32.0
34.0
29.0
36.0
37.0
51.0
49.0
43.0
41.0
54.0
51.0
44.0
46.0
43.0
35.0
43.0
38.0
19.0
13.0
32.0
39.0
46.0
48.0
46.0
42.0
48.0
33.0
41.0
48.0
38.0
34.0
52.0
44.0
49.0
41.0
54.0
59.0
47.0
38.0
51.0
52.0
40.0
35.0
46.0
58.0
48.0
45.0
49.0
41.0
39.0
48.0
54.0
50.0
48.0
50.0
49.0
45.0
52.0
47.0
53.0
50.0
46.0
45.0
48.0
43.0
52.0
41.0
49.0
36.0
62.0
49.0
53.0
48.0
60.0
48.0
35.0
62.0
41.0
39.0
50.0
56.0
57.0
49.0
60.0
53.0
48.0
49.0
54.0
52.0
53.0
45.0
53.0
51.0
59.0
51.0
37.0
54.0
54.0
57.0
66.0
48.0
60.0
61.0
72.0
48.0
42.0
53.0
41.0
47.0
54.0
35.0
49.0
37.0
40.0
40.0
43.0
50.0
40.0
51.0
55.0
49.0
41.0
57.0
43.0
59.0
44.0
36.0
45.0
52.0
52.0
49.0
50.0
40.0
52.0
51.0
40.0
52.0
47.0
49.0
66.0
56.0
52.0
61.0
50.0
47.0
57.0
52.0
45.0
45.0
56.0
36.0
56.0
41.0
52.0
47.0
50.0
48.0
50.0
54.0
49.0
53.0
53.0
61.0
53.0
65.0
53.0
60.0
52.0
58.0
50.0
51.0
51.0
64.0
59.0
49.0
47.0
43.0
54.0
51.0
53.0
55.0
44.0
56.0
52.0
62.0
51.0
47.0
54.0
55.0
51.0
48.0
54.0
59.0
29.0
30.0
51.0
64.0
48.0
47.0
53.0
50.0
48.0
52.0
61.0
53.0
46.0
48.0
55.0
48.0
53.0
45.0
42.0
49.0
65.0
45.0
48.0
50.0
49.0
54.0
48.0
46.0
49.0
44.0
44.0
50.0
51.0
58.0
58.0
39.0
51.0
41.0
64.0
56.0
41.0
48.0
46.0
46.0
50.0
56.0
59.0
46.0
48.0
58.0
50.0
47.0
57.0
51.0
50.0
48.0
57.0
50.0
51.0
53.0
57.0
56.0
47.0
50.0
50.0
56.0
59.0
55.0
55.0
60.0
50.0
47.0
51.0
43.0
53.0
51.0
48.0
47.0
47.0
56.0
43.0
40.0
41.0
49.0
42.0
55.0
54.0
49.0
50.0
48.0
52.0
54.0
50.0
57.0
55.0
59.0
45.0
45.0
55.0
61.0
65.0
64.0
63.0
51.0
56.0
52.0
55.0
54.0
50.0
54.0
48.0
62.0
59.0
59.0
55.0
66.0
57.0
47.0
49.0
52.0
54.0
64.0
57.0
48.0
53.0
48.0
59.0
54.0
59.0
47.0
54.0
54.0
51.0
52.0
57.0
48.0
52.0
52.0
45.0
46.0
36.0
49.0
35.0
49.0
54.0
65.0
48.0
51.0
56.0
55.0
61.0
57.0
60.0
60.0
43.0
57.0
44.0
61.0
56.0
63.0
57.0
55.0
66.0
53.0
56.0
56.0
62.0
59.0
69.0
63.0
56.0
57.0
68.0
63.0
55.0
53.0
51.0
45.0
60.0
66.0
60.0
52.0
57.0
38.0
56.0
54.0
39.0
47.0
49.0
46.0
41.0
48.0
54.0
43.0
53.0
51.0
48.0
43.0
57.0
60.0
51.0
55.0
61.0
38.0
55.0
54.0
58.0
64.0
52.0
76.0
64.0
65.0
49.0
64.0
75.0
66.0
59.0
51.0
62.0
59.0
55.0
68.0
59.0
55.0
64.0
72.0
56.0
68.0
64.0
60.0
62.0
61.0
58.0
60.0
63.0
63.0
63.0
57.0
63.0
57.0
72.0
43.0
59.0
58.0
57.0
58.0
58.0
60.0
67.0
68.0
60.0
53.0
58.0
47.0
58.0
56.0
57.0
60.0
58.0
55.0
44.0
57.0
58.0
58.0
55.0
50.0
65.0
53.0
52.0
59.0
49.0
53.0
55.0
61.0
53.0
52.0
58.0
41.0
48.0
45.0
52.0
62.0
70.0
63.0
60.0
69.0
60.0
64.0
63.0
56.0
35.0
64.0
64.0
58.0
68.0
64.0
52.0
49.0
62.0
59.0
60.0
67.0
61.0
47.0
65.0
59.0
69.0
56.0
72.0
70.0
69.0
67.0
58.0
60.0
66.0
69.0
78.0
54.0
50.0
68.0
69.0
63.0
67.0
56.0
55.0
67.0
63.0
69.0
82.0
54.0
63.0
56.0
57.0
60.0
63.0
60.0
57.0
58.0
71.0
65.0
61.0
60.0
69.0
69.0
59.0
67.0
70.0
61.0
56.0
59.0
40.0
49.0
54.0
53.0
48.0
62.0
63.0
55.0
65.0
58.0
64.0
49.0
56.0
63.0
53.0
61.0
52.0
75.0
62.0
57.0
49.0
54.0
57.0
57.0
62.0
60.0
66.0
54.0
63.0
52.0
55.0
69.0
75.0
59.0
71.0
73.0
64.0
72.0
71.0
73.0
75.0
61.0
49.0
68.0
71.0
62.0
73.0
64.0
66.0
59.0
59.0
67.0
80.0
67.0
63.0
65.0
66.0
66.0
68.0
68.0
72.0
67.0
75.0
66.0
70.0
70.0
66.0
62.0
71.0
68.0
77.0
71.0
72.0
72.0
76.0
75.0
78.0
72.0
79.0
74.0
72.0
79.0
68.0
73.0
62.0
58.0
67.0
72.0
73.0
66.0
83.0
78.0
76.0
69.0
57.0
66.0
71.0
73.0
59.0
79.0
76.0
70.0
66.0
69.0
67.0
59.0
77.0
66.0
65.0
78.0
67.0
64.0
63.0
72.0
70.0
74.0
75.0
66.0
52.0
64.0
71.0
56.0
72.0
64.0
73.0
54.0
67.0
66.0
73.0
71.0
70.0
59.0
67.0
65.0
77.0
65.0
65.0
57.0
80.0
72.0
73.0
55.0
68.0
69.0
64.0
75.0
81.0
62.0
56.0
68.0
64.0
62.0
74.0
69.0
62.0
62.0
71.0
63.0
54.0
64.0
74.0
63.0
68.0
63.0
66.0
53.0
58.0
61.0
53.0
60.0
72.0
55.0
58.0
54.0
55.0
65.0
60.0
65.0
62.0
69.0
63.0
73.0
66.0
68.0
57.0
63.0
74.0
63.0
70.0
73.0
70.0
66.0
73.0
74.0
74.0
71.0
71.0
68.0
73.0
67.0
68.0
67.0
78.0
75.0
72.0
79.0
69.0
78.0
68.0
75.0
83.0
77.0
70.0
63.0
56.0
64.0
69.0
66.0
70.0
59.0
68.0
69.0
78.0
61.0
63.0
73.0
74.0
53.0
73.0
72.0
58.0
62.0
65.0
72.0
63.0
64.0
70.0
66.0
55.0
63.0
61.0
63.0
78.0
59.0
74.0
64.0
71.0
56.0
70.0
68.0
65.0
64.0
64.0
69.0
63.0
71.0
67.0
54.0
68.0
67.0
49.0
52.0
72.0
58.0
60.0
69.0
63.0
48.0
61.0
64.0
63.0
53.0
60.0
50.0
57.0
52.0
56.0
59.0
68.0
58.0
55.0
62.0
74.0
64.0
67.0
53.0
60.0
70.0
61.0
71.0
79.0
59.0
55.0
70.0
69.0
69.0
68.0
76.0
66.0
67.0
66.0
57.0
60.0
66.0
72.0
63.0
74.0
64.0
65.0
72.0
65.0
60.0
69.0
60.0
61.0
73.0
56.0
70.0
63.0
76.0
67.0
73.0
57.0
56.0
62.0
55.0
68.0
58.0
64.0
66.0
71.0
56.0
54.0
58.0
53.0
63.0
58.0
50.0
65.0
72.0
66.0
68.0
61.0
64.0
67.0
74.0
71.0
66.0
73.0
68.0
70.0
66.0
70.0
60.0
61.0
78.0
72.0
69.0
62.0
69.0
69.0
62.0
78.0
75.0
61.0
69.0
63.0
76.0
73.0
54.0
61.0
61.0
69.0
77.0
65.0
82.0
74.0
77.0
74.0
63.0
61.0
64.0
72.0
68.0
69.0
65.0
64.0
60.0
51.0
62.0
68.0
71.0
70.0
68.0
50.0
41.0
62.0
57.0
66.0
80.0
77.0
78.0
62.0
62.0
80.0
85.0
70.0
66.0
64.0
55.0
76.0
62.0
83.0
65.0
63.0
77.0
69.0
72.0
61.0
86.0
78.0
68.0
76.0
66.0
64.0
75.0
79.0
81.0
66.0
73.0
68.0
78.0
75.0
64.0
83.0
70.0
82.0
84.0
79.0
69.0
72.0
65.0
74.0
77.0
73.0
82.0
73.0
71.0
79.0
86.0
82.0
73.0
81.0
81.0
79.0
76.0
73.0
88.0
81.0
61.0
75.0
84.0
66.0
75.0
76.0
75.0
82.0
75.0
78.0
66.0
74.0
71.0
55.0
69.0
73.0
68.0
69.0
79.0
86.0
73.0
70.0
75.0
74.0
76.0
77.0
81.0
75.0
78.0
73.0
82.0
86.0
76.0
80.0
77.0
68.0
84.0
85.0
79.0
78.0
92.0
76.0
85.0
75.0
73.0
88.0
78.0
77.0
70.0
86.0
70.0
77.0
82.0
94.0
73.0
70.0
63.0
79.0
75.0
77.0
72.0
66.0
85.0
89.0
70.0
76.0
85.0
61.0
70.0
75.0
70.0
70.0
76.0
64.0
77.0
83.0
81.0
77.0
57.0
74.0
74.0
59.0
77.0
72.0
62.0
72.0
77.0
81.0
64.0
80.0
78.0
85.0
77.0
79.0
69.0
64.0
74.0
77.0
78.0
62.0
74.0
59.0
68.0
69.0
69.0
63.0
76.0
72.0
61.0
72.0
71.0
65.0
81.0
77.0
62.0
71.0
71.0
75.0
64.0
70.0
76.0
77.0
81.0
68.0
68.0
74.0
72.0
42.0
76.0
70.0
74.0
78.0
65.0
70.0
65.0
68.0
79.0
80.0
81.0
67.0
67.0
60.0
63.0
72.0
75.0
78.0
64.0
73.0
54.0
59.0
82.0
65.0
71.0
80.0
65.0
63.0
79.0
62.0
71.0
53.0
53.0
74.0
59.0
77.0
60.0
70.0
70.0
77.0
67.0
77.0
81.0
59.0
75.0
77.0
68.0
78.0
79.0
77.0
81.0
79.0
57.0
75.0
83.0
69.0
81.0
78.0
75.0
46.0
52.0
70.0
73.0
86.0
84.0
69.0
83.0
85.0
79.0
79.0
74.0
80.0
74.0
86.0
77.0
73.0
74.0
92.0
82.0
85.0
73.0
70.0
62.0
76.0
79.0
80.0
72.0
69.0
85.0
78.0
88.0
67.0
66.0
57.0
40.0
66.0
58.0
57.0
63.0
62.0
65.0
58.0
61.0
61.0
52.0
63.0
70.0
51.0
54.0
53.0
60.0
60.0
44.0
56.0
57.0
60.0
61.0
66.0
72.0
74.0
62.0
70.0
54.0
60.0
80.0
58.0
70.0
73.0
72.0
53.0
51.0
81.0
65.0
52.0
68.0
72.0
62.0
86.0
70.0
76.0
79.0
74.0
81.0
76.0
79.0
77.0
76.0
81.0
80.0
86.0
62.0
85.0
78.0
81.0
76.0
75.0
63.0
71.0
73.0
77.0
68.0
79.0
70.0
74.0
56.0
65.0
77.0
60.0
77.0
84.0
73.0
67.0
76.0
63.0
51.0
82.0
85.0
67.0
73.0
85.0
80.0
70.0
75.0
70.0
91.0
78.0
72.0
64.0
79.0
73.0
77.0
71.0
80.0
66.0
68.0
77.0
71.0
79.0
84.0
66.0
75.0
75.0
74.0
85.0
89.0
67.0
86.0
66.0
81.0
80.0
78.0
70.0
76.0
86.0
72.0
78.0
81.0
71.0
81.0
79.0
79.0
79.0
71.0
62.0
84.0
83.0
74.0
89.0
74.0
81.0
82.0
75.0
74.0
77.0
72.0
69.0
89.0
74.0
71.0
82.0
69.0
81.0
78.0
49.0
79.0
74.0
85.0
80.0
89.0
85.0
87.0
92.0
85.0
83.0
76.0
78.0
89.0
74.0
82.0
79.0
81.0
81.0
84.0
82.0
83.0
73.0
84.0
87.0
89.0
83.0
89.0
76.0
79.0
83.0
81.0
85.0
79.0
74.0
78.0
79.0
82.0
82.0
71.0
65.0
63.0
71.0
70.0
76.0
60.0
70.0
86.0
