4.0
1.0
2.0
10.0
5.0
3.0
7.0
-5.0
7.0
3.0
7.0
-3.0
1.0
-3.0
-15.0
-3.0
-6.0
-1.0
1.0
5.0
-2.0
-28.0
-13.0
-5.0
-4.0
-11.0
-7.0
-9.0
0.0
-1.0
3.0
-10.0
6.0
3.0
0.0
-18.0
-20.0
-4.0
-8.0
-7.0
2.0
-4.0
0.0
-12.0
-2.0
7.0
-2.0
12.0
-1.0
7.0
-18.0
-4.0
1.0
13.0
8.0
-4.0
14.0
-6.0
-24.0
3.0
-4.0
3.0
-4.0
8.0
-12.0
-4.0
-1.0
4.0
0.0
6.0
-1.0
7.0
4.0
13.0
13.0
4.0
5.0
-1.0
23.0
1.0
4.0
3.0
9.0
8.0
-2.0
13.0
4.0
12.0
7.0
5.0
5.0
29.0
17.0
2.0
10.0
36.0
-1.0
2.0
8.0
11.0
2.0
5.0
19.0
2.0
3.0
1.0
12.0
2.0
15.0
5.0
8.0
11.0
10.0
24.0
19.0
10.0
21.0
5.0
13.0
27.0
23.0
35.0
27.0
16.0
19.0
17.0
12.0
11.0
9.0
19.0
16.0
13.0
14.0
15.0
21.0
12.0
10.0
-1.0
26.0
1.0
11.0
14.0
21.0
2.0
18.0
6.0
8.0
33.0
15.0
10.0
0.0
-3.0
18.0
21.0
23.0
7.0
3.0
6.0
14.0
22.0
28.0
14.0
20.0
8.0
28.0
27.0
22.0
10.0
3.0
26.0
17.0
17.0
25.0
25.0
18.0
42.0
29.0
23.0
25.0
34.0
29.0
27.0
29.0
18.0
36.0
41.0
31.0
30.0
28.0
37.0
26.0
19.0
13.0
33.0
25.0
11.0
21.0
27.0
22.0
38.0
26.0
41.0
18.0
25.0
19.0
8.0
12.0
13.0
30.0
9.0
41.0
29.0
39.0
37.0
32.0
21.0
43.0
25.0
19.0
12.0
27.0
27.0
13.0
9.0
8.0
9.0
35.0
18.0
34.0
21.0
18.0
23.0
32.0
23.0
48.0
13.0
19.0
49.0
31.0
28.0
11.0
24.0
16.0
26.0
24.0
15.0
20.0
24.0
36.0
26.0
17.0
20.0
31.0
10.0
5.0
37.0
22.0
36.0
21.0
40.0
38.0
25.0
25.0
16.0
26.0
24.0
36.0
25.0
31.0
16.0
28.0
20.0
33.0
52.0
40.0
25.0
56.0
48.0
20.0
25.0
27.0
30.0
38.0
32.0
33.0
39.0
19.0
11.0
42.0
32.0
35.0
45.0
52.0
25.0
26.0
50.0
34.0
48.0
14.0
33.0
40.0
38.0
42.0
45.0
55.0
33.0
40.0
42.0
34.0
37.0
37.0
24.0
53.0
33.0
48.0
32.0
31.0
31.0
39.0
35.0
39.0
59.0
29.0
36.0
28.0
39.0
25.0
47.0
53.0
30.0
41.0
31.0
38.0
34.0
34.0
47.0
17.0
39.0
49.0
21.0
52.0
41.0
34.0
33.0
36.0
41.0
46.0
45.0
60.0
55.0
32.0
46.0
35.0
45.0
25.0
39.0
32.0
38.0
50.0
57.0
52.0
35.0
25.0
47.0
44.0
32.0
41.0
24.0
32.0
39.0
40.0
58.0
39.0
42.0
48.0
38.0
39.0
37.0
44.0
41.0
22.0
31.0
32.0
32.0
40.0
54.0
47.0
27.0
31.0
47.0
33.0
32.0
17.0
30.0
28.0
26.0
42.0
47.0
40.0
42.0
29.0
45.0
35.0
23.0
32.0
25.0
37.0
46.0
41.0
39.0
42.0
55.0
43.0
44.0
45.0
43.0
32.0
52.0
38.0
47.0
59.0
54.0
37.0
50.0
34.0
51.0
47.0
28.0
45.0
30.0
46.0
36.0
41.0
36.0
37.0
30.0
50.0
42.0
38.0
54.0
41.0
24.0
43.0
38.0
35.0
29.0
41.0
45.0
40.0
44.0
44.0
56.0
42.0
38.0
38.0
51.0
45.0
53.0
34.0
47.0
48.0
40.0
54.0
48.0
25.0
39.0
43.0
44.0
37.0
37.0
47.0
54.0
37.0
37.0
52.0
30.0
42.0
42.0
30.0
49.0
49.0
50.0
34.0
43.0
37.0
39.0
45.0
45.0
40.0
48.0
53.0
59.0
47.0
48.0
44.0
52.0
50.0
53.0
38.0
38.0
60.0
48.0
41.0
38.0
57.0
57.0
64.0
43.0
46.0
44.0
55.0
52.0
56.0
31.0
43.0
42.0
41.0
54.0
44.0
38.0
40.0
37.0
54.0
32.0
46.0
63.0
32.0
53.0
50.0
32.0
31.0
33.0
55.0
45.0
34.0
42.0
39.0
34.0
42.0
41.0
51.0
42.0
32.0
36.0
43.0
50.0
40.0
48.0
48.0
45.0
47.0
42.0
31.0
40.0
49.0
40.0
44.0
42.0
36.0
56.0
56.0
48.0
41.0
42.0
39.0
45.0
31.0
42.0
44.0
39.0
42.0
33.0
40.0
49.0
58.0
53.0
36.0
43.0
46.0
44.0
41.0
54.0
43.0
48.0
47.0
50.0
49.0
46.0
46.0
35.0
40.0
47.0
33.0
46.0
52.0
39.0
46.0
45.0
51.0
56.0
48.0
55.0
45.0
46.0
39.0
52.0
46.0
54.0
41.0
52.0
58.0
42.0
49.0
45.0
41.0
45.0
40.0
51.0
43.0
43.0
46.0
61.0
43.0
50.0
40.0
54.0
59.0
31.0
43.0
50.0
48.0
37.0
49.0
50.0
54.0
40.0
52.0
50.0
40.0
46.0
42.0
27.0
49.0
40.0
35.0
40.0
40.0
48.0
40.0
43.0
39.0
43.0
47.0
45.0
40.0
54.0
33.0
39.0
35.0
53.0
37.0
43.0
38.0
43.0
40.0
41.0
39.0
44.0
39.0
44.0
47.0
42.0
47.0
47.0
54.0
55.0
45.0
52.0
55.0
41.0
45.0
55.0
59.0
54.0
41.0
43.0
17.0
37.0
38.0
39.0
44.0
48.0
48.0
42.0
39.0
28.0
54.0
44.0
37.0
56.0
42.0
46.0
36.0
47.0
44.0
55.0
49.0
47.0
42.0
41.0
47.0
33.0
42.0
41.0
47.0
45.0
44.0
47.0
52.0
34.0
52.0
43.0
42.0
47.0
38.0
44.0
46.0
39.0
50.0
55.0
52.0
48.0
55.0
38.0
48.0
46.0
46.0
46.0
54.0
48.0
52.0
42.0
51.0
47.0
52.0
52.0
40.0
46.0
47.0
43.0
41.0
50.0
39.0
42.0
40.0
40.0
45.0
37.0
45.0
46.0
35.0
34.0
54.0
42.0
48.0
46.0
42.0
30.0
46.0
47.0
49.0
55.0
52.0
44.0
35.0
48.0
40.0
47.0
52.0
45.0
41.0
38.0
53.0
42.0
36.0
38.0
47.0
31.0
27.0
48.0
39.0
36.0
42.0
45.0
42.0
42.0
49.0
39.0
31.0
47.0
44.0
52.0
43.0
41.0
40.0
42.0
47.0
42.0
52.0
51.0
44.0
42.0
45.0
33.0
44.0
47.0
42.0
48.0
48.0
39.0
48.0
31.0
43.0
39.0
44.0
36.0
44.0
46.0
46.0
51.0
50.0
43.0
39.0
50.0
46.0
52.0
49.0
37.0
59.0
49.0
42.0
41.0
39.0
38.0
47.0
52.0
58.0
46.0
56.0
48.0
43.0
50.0
51.0
59.0
50.0
53.0
43.0
47.0
46.0
45.0
44.0
36.0
43.0
52.0
46.0
54.0
59.0
45.0
43.0
50.0
53.0
48.0
46.0
45.0
52.0
39.0
50.0
51.0
40.0
44.0
52.0
41.0
45.0
48.0
49.0
51.0
41.0
54.0
45.0
42.0
47.0
42.0
51.0
37.0
49.0
38.0
42.0
52.0
45.0
57.0
45.0
56.0
43.0
44.0
49.0
46.0
43.0
38.0
37.0
44.0
49.0
39.0
53.0
50.0
38.0
42.0
56.0
50.0
36.0
45.0
43.0
35.0
59.0
43.0
47.0
41.0
54.0
53.0
52.0
44.0
47.0
49.0
35.0
55.0
49.0
49.0
37.0
46.0
47.0
45.0
47.0
48.0
45.0
51.0
55.0
58.0
47.0
44.0
56.0
51.0
46.0
36.0
46.0
53.0
46.0
44.0
49.0
48.0
52.0
49.0
57.0
44.0
49.0
45.0
45.0
46.0
61.0
47.0
30.0
49.0
52.0
49.0
53.0
46.0
51.0
58.0
51.0
55.0
53.0
47.0
57.0
50.0
52.0
49.0
62.0
52.0
60.0
52.0
45.0
49.0
49.0
45.0
65.0
46.0
57.0
63.0
50.0
56.0
54.0
55.0
51.0
52.0
54.0
37.0
52.0
54.0
52.0
52.0
53.0
46.0
48.0
49.0
50.0
56.0
53.0
52.0
55.0
48.0
53.0
63.0
55.0
64.0
50.0
67.0
60.0
54.0
64.0
57.0
60.0
58.0
62.0
52.0
55.0
51.0
49.0
53.0
39.0
39.0
41.0
55.0
50.0
49.0
72.0
45.0
49.0
48.0
54.0
55.0
45.0
49.0
59.0
48.0
45.0
41.0
50.0
50.0
46.0
48.0
46.0
50.0
49.0
42.0
52.0
56.0
48.0
39.0
60.0
50.0
48.0
56.0
46.0
45.0
42.0
55.0
51.0
54.0
56.0
55.0
49.0
50.0
43.0
33.0
49.0
46.0
58.0
56.0
50.0
54.0
52.0
52.0
46.0
48.0
55.0
63.0
48.0
52.0
55.0
64.0
56.0
42.0
53.0
52.0
49.0
40.0
48.0
44.0
50.0
53.0
39.0
47.0
52.0
54.0
56.0
44.0
50.0
52.0
60.0
60.0
52.0
50.0
45.0
50.0
53.0
60.0
56.0
50.0
49.0
54.0
62.0
51.0
49.0
59.0
49.0
55.0
58.0
50.0
65.0
53.0
66.0
56.0
52.0
58.0
62.0
54.0
49.0
57.0
61.0
58.0
64.0
56.0
44.0
55.0
56.0
45.0
56.0
64.0
51.0
58.0
54.0
63.0
67.0
57.0
56.0
53.0
68.0
68.0
62.0
52.0
57.0
55.0
57.0
63.0
56.0
61.0
50.0
54.0
52.0
61.0
62.0
60.0
60.0
61.0
53.0
51.0
61.0
59.0
56.0
58.0
58.0
63.0
52.0
52.0
58.0
55.0
55.0
61.0
58.0
55.0
58.0
54.0
54.0
53.0
60.0
52.0
45.0
57.0
50.0
46.0
53.0
51.0
57.0
54.0
44.0
56.0
50.0
53.0
62.0
49.0
68.0
58.0
61.0
48.0
58.0
48.0
49.0
55.0
56.0
51.0
58.0
54.0
62.0
51.0
57.0
54.0
60.0
50.0
49.0
55.0
52.0
47.0
60.0
57.0
56.0
53.0
56.0
61.0
59.0
53.0
55.0
47.0
46.0
56.0
49.0
57.0
52.0
45.0
51.0
60.0
53.0
52.0
49.0
52.0
53.0
56.0
52.0
47.0
55.0
56.0
45.0
67.0
50.0
53.0
56.0
42.0
50.0
57.0
55.0
47.0
49.0
57.0
61.0
58.0
54.0
56.0
46.0
55.0
54.0
56.0
61.0
56.0
65.0
53.0
49.0
50.0
43.0
47.0
49.0
62.0
57.0
56.0
61.0
45.0
46.0
54.0
47.0
50.0
49.0
46.0
39.0
47.0
46.0
51.0
51.0
46.0
41.0
48.0
45.0
55.0
64.0
47.0
58.0
48.0
58.0
49.0
51.0
53.0
62.0
57.0
47.0
47.0
49.0
47.0
52.0
58.0
53.0
51.0
55.0
54.0
55.0
44.0
45.0
59.0
47.0
52.0
50.0
54.0
53.0
52.0
50.0
59.0
46.0
45.0
54.0
50.0
54.0
51.0
43.0
46.0
55.0
53.0
49.0
42.0
46.0
46.0
51.0
52.0
54.0
57.0
49.0
53.0
43.0
53.0
39.0
49.0
54.0
48.0
48.0
46.0
53.0
58.0
45.0
55.0
56.0
52.0
47.0
56.0
51.0
55.0
61.0
47.0
55.0
51.0
64.0
53.0
58.0
53.0
67.0
46.0
39.0
59.0
48.0
60.0
55.0
49.0
50.0
50.0
43.0
46.0
49.0
55.0
43.0
42.0
50.0
43.0
46.0
41.0
44.0
59.0
42.0
50.0
51.0
50.0
44.0
44.0
49.0
56.0
45.0
41.0
52.0
52.0
38.0
54.0
48.0
44.0
51.0
48.0
44.0
44.0
43.0
57.0
41.0
49.0
43.0
42.0
56.0
57.0
52.0
44.0
60.0
55.0
42.0
53.0
64.0
51.0
59.0
54.0
61.0
49.0
59.0
44.0
52.0
54.0
56.0
63.0
50.0
43.0
54.0
48.0
46.0
52.0
58.0
55.0
55.0
63.0
46.0
47.0
54.0
49.0
45.0
59.0
54.0
48.0
51.0
50.0
43.0
51.0
50.0
56.0
56.0
48.0
59.0
53.0
52.0
51.0
47.0
65.0
53.0
54.0
52.0
47.0
46.0
46.0
49.0
54.0
60.0
53.0
55.0
56.0
58.0
54.0
61.0
63.0
50.0
52.0
58.0
53.0
43.0
46.0
60.0
45.0
61.0
43.0
53.0
55.0
60.0
48.0
55.0
38.0
45.0
51.0
55.0
57.0
63.0
51.0
52.0
51.0
58.0
48.0
54.0
54.0
53.0
59.0
59.0
49.0
59.0
56.0
50.0
45.0
43.0
46.0
45.0
43.0
58.0
45.0
60.0
47.0
51.0
46.0
52.0
57.0
48.0
55.0
56.0
46.0
61.0
50.0
43.0
51.0
59.0
58.0
45.0
57.0
47.0
51.0
51.0
48.0
48.0
47.0
39.0
46.0
40.0
57.0
49.0
48.0
47.0
50.0
48.0
51.0
48.0
47.0
60.0
45.0
49.0
55.0
58.0
50.0
44.0
45.0
44.0
52.0
51.0
50.0
54.0
51.0
45.0
56.0
46.0
52.0
64.0
41.0
40.0
47.0
51.0
43.0
61.0
47.0
59.0
59.0
53.0
49.0
40.0
50.0
48.0
49.0
56.0
56.0
60.0
53.0
46.0
58.0
48.0
58.0
57.0
52.0
55.0
61.0
61.0
55.0
65.0
53.0
51.0
56.0
74.0
48.0
59.0
62.0
51.0
45.0
55.0
56.0
57.0
53.0
53.0
49.0
52.0
49.0
59.0
54.0
63.0
47.0
50.0
50.0
55.0
51.0
45.0
50.0
52.0
55.0
52.0
56.0
53.0
57.0
47.0
48.0
55.0
61.0
45.0
53.0
44.0
47.0
46.0
53.0
60.0
55.0
52.0
59.0
49.0
48.0
57.0
52.0
60.0
63.0
50.0
57.0
51.0
57.0
60.0
58.0
66.0
53.0
56.0
64.0
54.0
51.0
53.0
55.0
55.0
61.0
58.0
47.0
59.0
54.0
67.0
59.0
55.0
45.0
55.0
54.0
57.0
49.0
57.0
51.0
58.0
67.0
49.0
58.0
55.0
63.0
54.0
59.0
61.0
59.0
57.0
57.0
59.0
53.0
47.0
58.0
57.0
55.0
62.0
55.0
52.0
56.0
52.0
46.0
51.0
56.0
49.0
62.0
55.0
58.0
62.0
58.0
48.0
68.0
55.0
55.0
53.0
53.0
56.0
50.0
59.0
60.0
47.0
68.0
67.0
56.0
54.0
55.0
55.0
55.0
63.0
58.0
60.0
58.0
54.0
66.0
49.0
56.0
64.0
59.0
42.0
52.0
51.0
61.0
67.0
52.0
55.0
46.0
63.0
63.0
68.0
50.0
73.0
67.0
59.0
52.0
61.0
60.0
60.0
59.0
60.0
64.0
58.0
56.0
53.0
60.0
47.0
67.0
54.0
55.0
65.0
63.0
56.0
55.0
54.0
47.0
61.0
55.0
60.0
46.0
51.0
62.0
58.0
54.0
46.0
57.0
51.0
58.0
48.0
61.0
54.0
57.0
49.0
60.0
58.0
58.0
55.0
57.0
59.0
59.0
60.0
57.0
56.0
56.0
51.0
60.0
59.0
69.0
56.0
54.0
49.0
53.0
56.0
63.0
54.0
65.0
65.0
60.0
68.0
60.0
54.0
57.0
52.0
61.0
60.0
52.0
60.0
60.0
58.0
67.0
52.0
57.0
57.0
59.0
62.0
62.0
61.0
56.0
54.0
59.0
53.0
51.0
58.0
49.0
61.0
57.0
56.0
54.0
58.0
57.0
48.0
50.0
48.0
56.0
58.0
61.0
52.0
56.0
44.0
57.0
46.0
56.0
54.0
40.0
63.0
50.0
59.0
47.0
56.0
48.0
67.0
50.0
45.0
63.0
54.0
53.0
45.0
50.0
54.0
55.0
55.0
51.0
45.0
46.0
54.0
34.0
50.0
51.0
51.0
46.0
48.0
57.0
53.0
48.0
46.0
62.0
50.0
61.0
66.0
61.0
60.0
67.0
60.0
56.0
65.0
55.0
58.0
52.0
68.0
59.0
59.0
49.0
52.0
65.0
57.0
68.0
57.0
60.0
51.0
65.0
57.0
58.0
53.0
61.0
61.0
52.0
54.0
46.0
52.0
63.0
59.0
67.0
54.0
65.0
61.0
61.0
61.0
63.0
57.0
47.0
57.0
62.0
52.0
50.0
63.0
59.0
63.0
58.0
64.0
56.0
59.0
54.0
59.0
55.0
54.0
54.0
57.0
51.0
