-2.0
-4.0
-3.0
0.0
2.0
2.0
-1.0
-1.0
-3.0
-4.0
-5.0
1.0
-12.0
-5.0
-3.0
3.0
0.0
-1.0
-8.0
-1.0
2.0
-1.0
7.0
6.0
2.0
-17.0
0.0
-1.0
-8.0
4.0
-7.0
7.0
-4.0
-3.0
3.0
1.0
-1.0
1.0
0.0
-1.0
4.0
5.0
27.0
0.0
-3.0
10.0
-11.0
5.0
-3.0
17.0
4.0
19.0
-2.0
-6.0
6.0
5.0
2.0
3.0
3.0
0.0
5.0
11.0
6.0
-1.0
-12.0
18.0
-4.0
0.0
5.0
5.0
3.0
-5.0
2.0
-6.0
-1.0
-1.0
6.0
-8.0
13.0
-1.0
7.0
2.0
7.0
9.0
-1.0
4.0
1.0
-3.0
11.0
6.0
5.0
10.0
-5.0
11.0
11.0
4.0
6.0
2.0
5.0
4.0
-3.0
-1.0
-7.0
13.0
2.0
5.0
-3.0
17.0
2.0
10.0
4.0
9.0
-9.0
7.0
10.0
-1.0
-1.0
4.0
11.0
11.0
5.0
4.0
33.0
6.0
4.0
4.0
7.0
10.0
11.0
16.0
-1.0
9.0
2.0
4.0
-1.0
5.0
9.0
10.0
18.0
4.0
14.0
17.0
1.0
11.0
8.0
12.0
24.0
25.0
15.0
13.0
17.0
21.0
3.0
-2.0
8.0
24.0
1.0
8.0
-3.0
7.0
4.0
11.0
13.0
27.0
20.0
14.0
9.0
-2.0
15.0
10.0
12.0
10.0
24.0
12.0
7.0
6.0
24.0
29.0
22.0
20.0
35.0
10.0
15.0
9.0
25.0
1.0
17.0
9.0
54.0
21.0
5.0
9.0
13.0
34.0
18.0
11.0
15.0
12.0
9.0
9.0
10.0
29.0
22.0
26.0
25.0
26.0
32.0
50.0
24.0
21.0
19.0
24.0
9.0
25.0
21.0
24.0
22.0
30.0
14.0
32.0
26.0
34.0
30.0
16.0
43.0
17.0
12.0
39.0
28.0
22.0
7.0
26.0
21.0
28.0
45.0
20.0
20.0
24.0
3.0
14.0
49.0
28.0
41.0
30.0
12.0
8.0
29.0
13.0
42.0
42.0
49.0
48.0
47.0
21.0
41.0
41.0
37.0
30.0
40.0
28.0
16.0
13.0
13.0
27.0
36.0
43.0
31.0
45.0
10.0
28.0
21.0
11.0
32.0
24.0
8.0
13.0
24.0
21.0
16.0
36.0
40.0
37.0
25.0
10.0
41.0
24.0
32.0
31.0
33.0
25.0
26.0
33.0
38.0
35.0
29.0
10.0
44.0
18.0
9.0
26.0
22.0
13.0
31.0
42.0
32.0
42.0
41.0
37.0
36.0
46.0
34.0
27.0
43.0
31.0
24.0
24.0
42.0
24.0
39.0
46.0
39.0
44.0
29.0
41.0
25.0
47.0
44.0
38.0
41.0
46.0
20.0
51.0
58.0
16.0
35.0
42.0
42.0
31.0
34.0
22.0
27.0
34.0
16.0
46.0
37.0
19.0
35.0
37.0
7.0
29.0
5.0
39.0
27.0
34.0
52.0
31.0
45.0
46.0
35.0
15.0
50.0
46.0
18.0
43.0
9.0
34.0
23.0
44.0
55.0
39.0
36.0
22.0
55.0
44.0
44.0
29.0
17.0
43.0
52.0
22.0
21.0
43.0
47.0
49.0
40.0
39.0
20.0
35.0
44.0
25.0
33.0
46.0
20.0
40.0
35.0
38.0
20.0
24.0
28.0
27.0
22.0
36.0
25.0
47.0
26.0
42.0
34.0
45.0
32.0
42.0
20.0
38.0
38.0
40.0
33.0
23.0
31.0
39.0
39.0
25.0
53.0
17.0
39.0
34.0
17.0
36.0
33.0
28.0
32.0
37.0
41.0
38.0
42.0
47.0
36.0
46.0
50.0
49.0
39.0
34.0
47.0
39.0
51.0
50.0
46.0
39.0
35.0
35.0
31.0
26.0
44.0
49.0
29.0
48.0
46.0
51.0
41.0
40.0
52.0
43.0
41.0
32.0
42.0
45.0
38.0
26.0
35.0
44.0
38.0
39.0
42.0
45.0
41.0
39.0
32.0
47.0
56.0
49.0
48.0
40.0
38.0
31.0
45.0
44.0
52.0
39.0
34.0
35.0
46.0
36.0
38.0
41.0
33.0
39.0
35.0
36.0
36.0
35.0
40.0
45.0
43.0
48.0
45.0
54.0
33.0
40.0
39.0
45.0
36.0
40.0
47.0
25.0
36.0
45.0
28.0
37.0
39.0
38.0
28.0
34.0
31.0
37.0
43.0
27.0
37.0
39.0
36.0
29.0
32.0
30.0
32.0
29.0
34.0
18.0
39.0
40.0
14.0
9.0
45.0
50.0
44.0
36.0
35.0
45.0
39.0
47.0
47.0
20.0
59.0
49.0
46.0
44.0
42.0
31.0
51.0
32.0
42.0
46.0
50.0
55.0
43.0
45.0
9.0
26.0
45.0
42.0
56.0
46.0
49.0
26.0
38.0
43.0
48.0
41.0
40.0
31.0
43.0
40.0
42.0
50.0
40.0
29.0
43.0
38.0
44.0
24.0
46.0
50.0
60.0
55.0
35.0
40.0
44.0
45.0
39.0
49.0
37.0
35.0
50.0
43.0
46.0
24.0
44.0
44.0
45.0
43.0
45.0
44.0
43.0
29.0
49.0
51.0
47.0
45.0
49.0
43.0
61.0
57.0
45.0
48.0
49.0
43.0
46.0
60.0
54.0
45.0
39.0
49.0
44.0
63.0
57.0
56.0
22.0
50.0
48.0
49.0
58.0
58.0
47.0
50.0
51.0
53.0
49.0
48.0
43.0
60.0
43.0
46.0
38.0
49.0
24.0
45.0
48.0
54.0
58.0
47.0
49.0
46.0
53.0
45.0
43.0
34.0
36.0
48.0
37.0
45.0
40.0
33.0
39.0
35.0
48.0
43.0
43.0
18.0
48.0
47.0
39.0
42.0
41.0
52.0
39.0
48.0
47.0
42.0
43.0
52.0
40.0
44.0
48.0
37.0
42.0
38.0
39.0
42.0
43.0
49.0
38.0
39.0
33.0
38.0
49.0
51.0
57.0
42.0
35.0
48.0
50.0
48.0
31.0
48.0
37.0
45.0
46.0
48.0
43.0
46.0
45.0
42.0
33.0
45.0
31.0
49.0
34.0
34.0
44.0
39.0
54.0
39.0
59.0
54.0
38.0
36.0
39.0
52.0
39.0
50.0
40.0
34.0
40.0
41.0
50.0
42.0
39.0
36.0
47.0
36.0
43.0
50.0
42.0
32.0
44.0
45.0
46.0
38.0
47.0
46.0
40.0
53.0
50.0
52.0
46.0
50.0
39.0
48.0
59.0
51.0
51.0
46.0
52.0
52.0
49.0
38.0
51.0
42.0
42.0
44.0
38.0
54.0
43.0
43.0
54.0
35.0
45.0
39.0
39.0
47.0
44.0
45.0
48.0
44.0
50.0
43.0
63.0
53.0
48.0
41.0
44.0
46.0
36.0
54.0
43.0
47.0
45.0
46.0
58.0
49.0
45.0
46.0
45.0
60.0
36.0
45.0
58.0
56.0
52.0
49.0
54.0
63.0
59.0
54.0
42.0
53.0
45.0
63.0
48.0
46.0
52.0
49.0
54.0
59.0
52.0
40.0
48.0
58.0
46.0
42.0
46.0
53.0
44.0
36.0
52.0
48.0
49.0
50.0
51.0
57.0
42.0
49.0
44.0
40.0
48.0
44.0
43.0
67.0
46.0
42.0
55.0
51.0
58.0
49.0
60.0
59.0
63.0
49.0
53.0
51.0
51.0
44.0
52.0
58.0
72.0
51.0
44.0
60.0
62.0
61.0
52.0
54.0
53.0
50.0
61.0
65.0
52.0
60.0
62.0
57.0
58.0
45.0
48.0
63.0
52.0
59.0
50.0
40.0
41.0
49.0
47.0
57.0
50.0
39.0
57.0
45.0
44.0
56.0
55.0
54.0
53.0
56.0
47.0
46.0
46.0
46.0
47.0
46.0
47.0
44.0
54.0
40.0
47.0
46.0
35.0
55.0
50.0
44.0
53.0
47.0
52.0
44.0
41.0
48.0
49.0
51.0
50.0
46.0
56.0
53.0
55.0
57.0
47.0
43.0
45.0
36.0
45.0
61.0
52.0
53.0
40.0
50.0
53.0
51.0
52.0
47.0
47.0
49.0
57.0
52.0
61.0
44.0
51.0
47.0
52.0
54.0
42.0
54.0
52.0
42.0
52.0
47.0
44.0
49.0
48.0
41.0
42.0
56.0
47.0
38.0
49.0
41.0
54.0
54.0
53.0
49.0
55.0
60.0
57.0
56.0
52.0
43.0
51.0
53.0
36.0
44.0
51.0
57.0
44.0
51.0
55.0
50.0
39.0
52.0
42.0
51.0
49.0
54.0
53.0
42.0
40.0
54.0
51.0
40.0
43.0
45.0
43.0
50.0
53.0
48.0
46.0
39.0
43.0
48.0
38.0
44.0
39.0
49.0
49.0
43.0
49.0
39.0
53.0
48.0
48.0
49.0
47.0
49.0
44.0
53.0
50.0
46.0
47.0
35.0
49.0
45.0
51.0
48.0
46.0
44.0
46.0
51.0
50.0
40.0
35.0
58.0
48.0
54.0
46.0
45.0
47.0
55.0
48.0
47.0
47.0
47.0
51.0
42.0
53.0
49.0
52.0
48.0
56.0
45.0
56.0
47.0
46.0
58.0
48.0
48.0
56.0
54.0
55.0
49.0
61.0
50.0
53.0
53.0
58.0
53.0
54.0
57.0
56.0
47.0
63.0
53.0
44.0
50.0
48.0
53.0
49.0
53.0
52.0
53.0
62.0
44.0
55.0
59.0
49.0
45.0
50.0
51.0
50.0
57.0
55.0
60.0
46.0
51.0
62.0
59.0
49.0
41.0
57.0
49.0
54.0
55.0
60.0
56.0
49.0
44.0
62.0
46.0
48.0
41.0
28.0
50.0
48.0
50.0
44.0
51.0
52.0
45.0
48.0
46.0
48.0
45.0
47.0
51.0
47.0
62.0
46.0
41.0
46.0
60.0
51.0
52.0
48.0
52.0
43.0
52.0
50.0
50.0
41.0
46.0
54.0
48.0
56.0
53.0
53.0
45.0
48.0
49.0
61.0
54.0
53.0
51.0
55.0
58.0
53.0
57.0
51.0
53.0
61.0
61.0
58.0
61.0
55.0
51.0
47.0
60.0
59.0
48.0
57.0
48.0
50.0
53.0
51.0
44.0
47.0
49.0
50.0
57.0
56.0
64.0
51.0
50.0
56.0
56.0
60.0
44.0
48.0
62.0
54.0
57.0
61.0
49.0
50.0
61.0
49.0
51.0
52.0
55.0
41.0
50.0
64.0
52.0
55.0
58.0
47.0
54.0
55.0
45.0
40.0
46.0
44.0
47.0
55.0
54.0
60.0
54.0
52.0
52.0
63.0
47.0
47.0
51.0
53.0
50.0
45.0
49.0
49.0
53.0
59.0
51.0
62.0
47.0
58.0
57.0
47.0
50.0
47.0
48.0
43.0
41.0
49.0
50.0
56.0
52.0
52.0
44.0
66.0
50.0
57.0
51.0
56.0
47.0
48.0
49.0
59.0
62.0
62.0
40.0
65.0
48.0
50.0
49.0
54.0
69.0
62.0
54.0
46.0
53.0
64.0
54.0
59.0
45.0
47.0
52.0
49.0
50.0
45.0
46.0
45.0
54.0
49.0
45.0
50.0
45.0
60.0
42.0
56.0
54.0
53.0
55.0
52.0
52.0
51.0
55.0
45.0
47.0
37.0
47.0
50.0
40.0
51.0
19.0
50.0
51.0
40.0
39.0
29.0
42.0
47.0
41.0
51.0
44.0
42.0
47.0
50.0
46.0
44.0
40.0
38.0
45.0
51.0
44.0
57.0
44.0
52.0
49.0
33.0
47.0
54.0
52.0
50.0
45.0
55.0
48.0
51.0
54.0
44.0
56.0
54.0
44.0
53.0
58.0
49.0
49.0
46.0
54.0
52.0
54.0
49.0
45.0
57.0
50.0
47.0
50.0
49.0
50.0
53.0
52.0
56.0
61.0
54.0
54.0
49.0
52.0
54.0
51.0
59.0
57.0
57.0
68.0
57.0
44.0
50.0
52.0
65.0
51.0
61.0
52.0
50.0
65.0
61.0
62.0
62.0
60.0
61.0
58.0
50.0
58.0
57.0
62.0
53.0
53.0
46.0
57.0
63.0
50.0
49.0
58.0
52.0
51.0
55.0
57.0
54.0
56.0
45.0
59.0
47.0
59.0
65.0
50.0
58.0
45.0
49.0
46.0
51.0
60.0
52.0
53.0
54.0
58.0
65.0
52.0
51.0
45.0
50.0
47.0
59.0
55.0
47.0
58.0
47.0
49.0
51.0
46.0
53.0
53.0
49.0
54.0
52.0
63.0
49.0
55.0
50.0
48.0
55.0
47.0
42.0
48.0
46.0
62.0
48.0
51.0
53.0
48.0
48.0
53.0
50.0
49.0
57.0
51.0
54.0
47.0
45.0
54.0
50.0
54.0
51.0
60.0
45.0
57.0
54.0
46.0
50.0
49.0
48.0
55.0
52.0
49.0
48.0
58.0
50.0
51.0
48.0
65.0
52.0
58.0
46.0
36.0
51.0
60.0
50.0
48.0
52.0
48.0
45.0
52.0
55.0
63.0
59.0
52.0
50.0
51.0
51.0
52.0
56.0
38.0
63.0
61.0
55.0
47.0
45.0
40.0
45.0
53.0
43.0
48.0
52.0
54.0
50.0
35.0
50.0
44.0
42.0
46.0
44.0
50.0
59.0
53.0
40.0
54.0
44.0
56.0
47.0
44.0
46.0
50.0
41.0
42.0
54.0
49.0
50.0
41.0
49.0
55.0
49.0
43.0
46.0
49.0
56.0
53.0
55.0
47.0
49.0
44.0
48.0
46.0
49.0
51.0
52.0
51.0
42.0
46.0
57.0
46.0
56.0
45.0
60.0
48.0
49.0
47.0
53.0
55.0
43.0
46.0
57.0
50.0
55.0
52.0
49.0
47.0
62.0
48.0
53.0
58.0
48.0
61.0
54.0
48.0
56.0
54.0
60.0
63.0
58.0
57.0
50.0
56.0
46.0
57.0
63.0
54.0
52.0
53.0
44.0
53.0
62.0
59.0
58.0
65.0
55.0
61.0
53.0
66.0
63.0
53.0
62.0
54.0
54.0
60.0
52.0
60.0
63.0
54.0
54.0
68.0
52.0
52.0
56.0
62.0
54.0
59.0
60.0
57.0
52.0
60.0
46.0
60.0
58.0
59.0
50.0
60.0
58.0
62.0
64.0
57.0
69.0
65.0
56.0
71.0
61.0
55.0
53.0
50.0
57.0
61.0
58.0
62.0
61.0
62.0
61.0
58.0
67.0
67.0
53.0
56.0
56.0
58.0
53.0
62.0
63.0
56.0
50.0
47.0
55.0
58.0
51.0
54.0
50.0
52.0
54.0
62.0
58.0
54.0
71.0
59.0
57.0
56.0
66.0
57.0
64.0
62.0
60.0
53.0
65.0
53.0
64.0
58.0
65.0
67.0
59.0
66.0
62.0
53.0
66.0
58.0
62.0
59.0
60.0
56.0
53.0
54.0
52.0
58.0
53.0
56.0
34.0
58.0
50.0
54.0
55.0
57.0
59.0
53.0
44.0
56.0
50.0
50.0
53.0
53.0
50.0
58.0
44.0
52.0
47.0
59.0
54.0
56.0
58.0
59.0
55.0
50.0
57.0
48.0
45.0
56.0
53.0
55.0
49.0
42.0
48.0
56.0
62.0
50.0
67.0
62.0
55.0
60.0
56.0
56.0
54.0
55.0
53.0
55.0
50.0
51.0
62.0
56.0
66.0
49.0
57.0
56.0
60.0
52.0
53.0
68.0
56.0
50.0
56.0
54.0
54.0
72.0
55.0
62.0
54.0
56.0
53.0
50.0
50.0
48.0
55.0
60.0
62.0
58.0
61.0
55.0
63.0
62.0
51.0
58.0
56.0
57.0
67.0
54.0
64.0
67.0
58.0
56.0
58.0
58.0
61.0
54.0
60.0
53.0
61.0
54.0
59.0
64.0
58.0
51.0
56.0
60.0
65.0
58.0
68.0
69.0
56.0
70.0
55.0
57.0
63.0
59.0
64.0
56.0
60.0
66.0
57.0
55.0
54.0
62.0
63.0
58.0
56.0
64.0
61.0
65.0
61.0
54.0
58.0
60.0
65.0
58.0
64.0
66.0
57.0
52.0
57.0
70.0
53.0
63.0
62.0
70.0
63.0
62.0
64.0
54.0
54.0
60.0
62.0
58.0
64.0
53.0
61.0
57.0
47.0
52.0
61.0
55.0
61.0
60.0
61.0
53.0
63.0
60.0
63.0
60.0
64.0
63.0
56.0
55.0
60.0
54.0
60.0
68.0
54.0
75.0
68.0
51.0
63.0
56.0
62.0
61.0
66.0
50.0
56.0
57.0
53.0
65.0
69.0
66.0
69.0
51.0
60.0
67.0
68.0
62.0
64.0
53.0
60.0
60.0
56.0
53.0
58.0
65.0
55.0
55.0
55.0
55.0
57.0
57.0
56.0
47.0
59.0
56.0
53.0
60.0
63.0
63.0
57.0
57.0
62.0
66.0
56.0
44.0
67.0
59.0
63.0
59.0
56.0
63.0
71.0
66.0
70.0
60.0
60.0
67.0
69.0
54.0
51.0
68.0
60.0
60.0
62.0
66.0
77.0
74.0
70.0
70.0
52.0
68.0
71.0
67.0
61.0
65.0
65.0
63.0
63.0
67.0
72.0
66.0
53.0
57.0
