1.850000000000000000e+01
1.800000000000000000e+01
1.590000000000000036e+01
1.490000000000000036e+01
1.869999999999999929e+01
2.030000000000000071e+01
2.660000000000000142e+01
2.510000000000000142e+01
1.900000000000000000e+01
2.960000000000000142e+01
3.500000000000000000e+01
3.060000000000000142e+01
3.160000000000000142e+01
3.500000000000000000e+01
2.900000000000000000e+01
3.839999999999999858e+01
3.720000000000000284e+01
4.300000000000000000e+01
4.789999999999999858e+01
4.089999999999999858e+01
5.279999999999999716e+01
3.339999999999999858e+01
4.139999999999999858e+01
3.629999999999999716e+01
6.039999999999999858e+01
6.590000000000000568e+01
1.049000000000000057e+02
7.920000000000000284e+01
5.510000000000000142e+01
6.379999999999999716e+01
5.339999999999999858e+01
5.850000000000000000e+01
1.000999999999999943e+02
1.052000000000000028e+02
1.416999999999999886e+02
1.375999999999999943e+02
9.559999999999999432e+01
6.859999999999999432e+01
1.232000000000000028e+02
1.207999999999999972e+02
6.950000000000000000e+01
1.403000000000000114e+02
1.925000000000000000e+02
1.505000000000000000e+02
1.205000000000000000e+02
1.240000000000000000e+02
1.428000000000000114e+02
1.710000000000000000e+02
1.931999999999999886e+02
1.370000000000000000e+02
8.179999999999999716e+01
1.284000000000000057e+02
1.604000000000000057e+02
1.545000000000000000e+02
1.390000000000000000e+02
1.795000000000000000e+02
1.854000000000000057e+02
2.000000000000000000e+02
1.688000000000000114e+02
1.758000000000000114e+02
1.459000000000000057e+02
1.225000000000000000e+02
1.207000000000000028e+02
1.062999999999999972e+02
1.394000000000000057e+02
1.090000000000000000e+02
1.239000000000000057e+02
1.247999999999999972e+02
1.095999999999999943e+02
1.175999999999999943e+02
1.065999999999999943e+02
7.890000000000000568e+01
1.040999999999999943e+02
9.759999999999999432e+01
1.252999999999999972e+02
1.528000000000000114e+02
1.736999999999999886e+02
1.483000000000000114e+02
1.530000000000000000e+02
1.660000000000000000e+02
1.661999999999999886e+02
1.615999999999999943e+02
1.545000000000000000e+02
1.531999999999999886e+02
1.540000000000000000e+02
1.485000000000000000e+02
1.438000000000000114e+02
1.511999999999999886e+02
1.369000000000000057e+02
1.237000000000000028e+02
1.195999999999999943e+02
1.235999999999999943e+02
1.630999999999999943e+02
2.000000000000000000e+02
2.000000000000000000e+02
1.260999999999999943e+02
1.329000000000000057e+02
1.950000000000000000e+02
1.461999999999999886e+02
1.820000000000000000e+02
6.270000000000000284e+01
6.160000000000000142e+01
4.339999999999999858e+01
7.879999999999999716e+01
1.207000000000000028e+02
9.729999999999999716e+01
1.244000000000000057e+02
1.259000000000000057e+02
1.315000000000000000e+02
1.214000000000000057e+02
1.280000000000000000e+02
1.055000000000000000e+02
1.042000000000000028e+02
1.244000000000000057e+02
1.240000000000000000e+02
1.300000000000000000e+02
1.371999999999999886e+02
1.475999999999999943e+02
1.699000000000000057e+02
1.641999999999999886e+02
1.766999999999999886e+02
1.728000000000000114e+02
1.686999999999999886e+02
1.724000000000000057e+02
1.703000000000000114e+02
1.658000000000000114e+02
1.776999999999999886e+02
1.709000000000000057e+02
1.571999999999999886e+02
1.519000000000000057e+02
1.380999999999999943e+02
1.400999999999999943e+02
1.426999999999999886e+02
1.405999999999999943e+02
1.554000000000000057e+02
1.460999999999999943e+02
1.585000000000000000e+02
1.760000000000000000e+02
1.449000000000000057e+02
1.399000000000000057e+02
1.418000000000000114e+02
1.479000000000000057e+02
1.425999999999999943e+02
1.478000000000000114e+02
1.486999999999999886e+02
1.396999999999999886e+02
1.503000000000000114e+02
1.621999999999999886e+02
1.405000000000000000e+02
1.401999999999999886e+02
1.293000000000000114e+02
1.441999999999999886e+02
1.443000000000000114e+02
1.414000000000000057e+02
1.463000000000000114e+02
1.614000000000000057e+02
1.573000000000000114e+02
1.580999999999999943e+02
1.479000000000000057e+02
1.521999999999999886e+02
1.494000000000000057e+02
1.669000000000000057e+02
1.545000000000000000e+02
1.448000000000000114e+02
1.483000000000000114e+02
1.550000000000000000e+02
1.558000000000000114e+02
1.535999999999999943e+02
1.571999999999999886e+02
1.639000000000000057e+02
1.714000000000000057e+02
1.639000000000000057e+02
1.630999999999999943e+02
1.635000000000000000e+02
1.600999999999999943e+02
1.594000000000000057e+02
1.540000000000000000e+02
1.713000000000000114e+02
1.766999999999999886e+02
1.765000000000000000e+02
1.674000000000000057e+02
1.640000000000000000e+02
1.883000000000000114e+02
1.895999999999999943e+02
1.860000000000000000e+02
1.795000000000000000e+02
1.793000000000000114e+02
1.730000000000000000e+02
1.795000000000000000e+02
1.801999999999999886e+02
1.729000000000000057e+02
1.819000000000000057e+02
1.833000000000000114e+02
1.863000000000000114e+02
1.919000000000000057e+02
1.881999999999999886e+02
1.921999999999999886e+02
1.915000000000000000e+02
1.846999999999999886e+02
1.721999999999999886e+02
1.845000000000000000e+02
2.000000000000000000e+02
2.000000000000000000e+02
2.000000000000000000e+02
2.000000000000000000e+02
2.000000000000000000e+02
2.000000000000000000e+02
2.000000000000000000e+02
2.000000000000000000e+02
2.000000000000000000e+02
2.000000000000000000e+02
1.988000000000000114e+02
2.000000000000000000e+02
2.000000000000000000e+02
2.000000000000000000e+02
2.000000000000000000e+02
2.000000000000000000e+02
2.000000000000000000e+02
2.000000000000000000e+02
2.000000000000000000e+02
2.000000000000000000e+02
2.000000000000000000e+02
2.000000000000000000e+02
2.000000000000000000e+02
2.000000000000000000e+02
1.235999999999999943e+02
1.488000000000000114e+02
1.509000000000000057e+02
1.270000000000000000e+02
1.202000000000000028e+02
9.209999999999999432e+01
8.620000000000000284e+01
9.550000000000000000e+01
1.087000000000000028e+02
1.170999999999999943e+02
1.262000000000000028e+02
1.286999999999999886e+02
1.142999999999999972e+02
1.119000000000000057e+02
1.027999999999999972e+02
1.189000000000000057e+02
1.147999999999999972e+02
9.270000000000000284e+01
1.010999999999999943e+02
8.840000000000000568e+01
8.109999999999999432e+01
8.870000000000000284e+01
9.609999999999999432e+01
8.409999999999999432e+01
7.420000000000000284e+01
8.309999999999999432e+01
7.290000000000000568e+01
6.979999999999999716e+01
8.420000000000000284e+01
8.600000000000000000e+01
7.859999999999999432e+01
8.040000000000000568e+01
6.659999999999999432e+01
5.820000000000000284e+01
6.389999999999999858e+01
6.870000000000000284e+01
7.179999999999999716e+01
6.640000000000000568e+01
7.429999999999999716e+01
6.700000000000000000e+01
8.100000000000000000e+01
7.859999999999999432e+01
8.750000000000000000e+01
1.062999999999999972e+02
1.159000000000000057e+02
1.220000000000000000e+02
1.150999999999999943e+02
1.117000000000000028e+02
1.170000000000000000e+02
1.227000000000000028e+02
1.262000000000000028e+02
1.355000000000000000e+02
1.314000000000000057e+02
1.237999999999999972e+02
1.421999999999999886e+02
1.415999999999999943e+02
1.544000000000000057e+02
1.538000000000000114e+02
1.655999999999999943e+02
1.725000000000000000e+02
1.836999999999999886e+02
1.791999999999999886e+02
1.840999999999999943e+02
1.835999999999999943e+02
1.924000000000000057e+02
1.848000000000000114e+02
1.829000000000000057e+02
1.960000000000000000e+02
1.970000000000000000e+02
1.980000000000000000e+02
1.960999999999999943e+02
1.975999999999999943e+02
1.955000000000000000e+02
2.000000000000000000e+02
2.000000000000000000e+02
2.000000000000000000e+02
2.000000000000000000e+02
2.000000000000000000e+02
2.000000000000000000e+02
1.995000000000000000e+02
1.983000000000000114e+02
1.846999999999999886e+02
1.878000000000000114e+02
2.000000000000000000e+02
2.000000000000000000e+02
2.000000000000000000e+02
2.000000000000000000e+02
2.000000000000000000e+02
2.000000000000000000e+02
2.000000000000000000e+02
2.000000000000000000e+02
2.000000000000000000e+02
2.000000000000000000e+02
2.000000000000000000e+02
2.000000000000000000e+02
2.000000000000000000e+02
2.000000000000000000e+02
2.000000000000000000e+02
2.000000000000000000e+02
2.000000000000000000e+02
2.000000000000000000e+02
2.000000000000000000e+02
2.000000000000000000e+02
2.000000000000000000e+02
2.000000000000000000e+02
2.000000000000000000e+02
2.000000000000000000e+02
2.000000000000000000e+02
2.000000000000000000e+02
2.000000000000000000e+02
2.000000000000000000e+02
2.000000000000000000e+02
2.000000000000000000e+02
2.000000000000000000e+02
2.000000000000000000e+02
2.000000000000000000e+02
2.000000000000000000e+02
2.000000000000000000e+02
2.000000000000000000e+02
2.000000000000000000e+02
2.000000000000000000e+02
2.000000000000000000e+02
2.000000000000000000e+02
2.000000000000000000e+02
2.000000000000000000e+02
2.000000000000000000e+02
2.000000000000000000e+02
2.000000000000000000e+02
2.000000000000000000e+02
2.000000000000000000e+02
2.000000000000000000e+02
2.000000000000000000e+02
2.000000000000000000e+02
2.000000000000000000e+02
2.000000000000000000e+02
2.000000000000000000e+02
2.000000000000000000e+02
2.000000000000000000e+02
2.000000000000000000e+02
2.000000000000000000e+02
2.000000000000000000e+02
2.000000000000000000e+02
2.000000000000000000e+02
2.000000000000000000e+02
2.000000000000000000e+02
2.000000000000000000e+02
2.000000000000000000e+02
2.000000000000000000e+02
2.000000000000000000e+02
2.000000000000000000e+02
2.000000000000000000e+02
2.000000000000000000e+02
2.000000000000000000e+02
2.000000000000000000e+02
2.000000000000000000e+02
2.000000000000000000e+02
2.000000000000000000e+02
2.000000000000000000e+02
2.000000000000000000e+02
2.000000000000000000e+02
2.000000000000000000e+02
1.945999999999999943e+02
1.884000000000000057e+02
2.000000000000000000e+02
2.000000000000000000e+02
2.000000000000000000e+02
2.000000000000000000e+02
1.691999999999999886e+02
1.009000000000000057e+02
1.082999999999999972e+02
1.004000000000000057e+02
1.265999999999999943e+02
1.087999999999999972e+02
1.037000000000000028e+02
1.135000000000000000e+02
1.095999999999999943e+02
1.209000000000000057e+02
1.400000000000000000e+02
1.461999999999999886e+02
1.490999999999999943e+02
1.465999999999999943e+02
1.608000000000000114e+02
1.525999999999999943e+02
1.458000000000000114e+02
1.540999999999999943e+02
1.515000000000000000e+02
1.315000000000000000e+02
1.326999999999999886e+02
1.380999999999999943e+02
1.365999999999999943e+02
1.300999999999999943e+02
1.394000000000000057e+02
1.428000000000000114e+02
1.494000000000000057e+02
1.416999999999999886e+02
1.563000000000000114e+02
1.583000000000000114e+02
1.586999999999999886e+02
1.581999999999999886e+02
1.620999999999999943e+02
1.448000000000000114e+02
1.360999999999999943e+02
1.420000000000000000e+02
1.461999999999999886e+02
1.430999999999999943e+02
1.300999999999999943e+02
1.301999999999999886e+02
1.316999999999999886e+02
1.272999999999999972e+02
1.370000000000000000e+02
1.461999999999999886e+02
1.524000000000000057e+02
1.633000000000000114e+02
1.554000000000000057e+02
1.471999999999999886e+02
1.410999999999999943e+02
1.440000000000000000e+02
1.476999999999999886e+02
1.593000000000000114e+02
1.805000000000000000e+02
1.674000000000000057e+02
1.815999999999999943e+02
1.990000000000000000e+02
2.000000000000000000e+02
2.000000000000000000e+02
1.624000000000000057e+02
1.471999999999999886e+02
1.576999999999999886e+02
1.715999999999999943e+02
1.749000000000000057e+02
1.721999999999999886e+02
1.734000000000000057e+02
1.708000000000000114e+02
1.714000000000000057e+02
1.840999999999999943e+02
1.903000000000000114e+02
1.964000000000000057e+02
1.938000000000000114e+02
1.940000000000000000e+02
1.980000000000000000e+02
2.000000000000000000e+02
2.000000000000000000e+02
2.000000000000000000e+02
2.000000000000000000e+02
2.000000000000000000e+02
2.000000000000000000e+02
2.000000000000000000e+02
2.000000000000000000e+02
2.000000000000000000e+02
2.000000000000000000e+02
2.000000000000000000e+02
2.000000000000000000e+02
2.000000000000000000e+02
2.000000000000000000e+02
2.000000000000000000e+02
2.000000000000000000e+02
2.000000000000000000e+02
2.000000000000000000e+02
2.000000000000000000e+02
2.000000000000000000e+02
2.000000000000000000e+02
2.000000000000000000e+02
2.000000000000000000e+02
2.000000000000000000e+02
2.000000000000000000e+02
2.000000000000000000e+02
2.000000000000000000e+02
2.000000000000000000e+02
2.000000000000000000e+02
2.000000000000000000e+02
2.000000000000000000e+02
2.000000000000000000e+02
2.000000000000000000e+02
2.000000000000000000e+02
2.000000000000000000e+02
2.000000000000000000e+02
2.000000000000000000e+02
2.000000000000000000e+02
2.000000000000000000e+02
2.000000000000000000e+02
2.000000000000000000e+02
2.000000000000000000e+02
2.000000000000000000e+02
2.000000000000000000e+02
2.000000000000000000e+02
2.000000000000000000e+02
2.000000000000000000e+02
2.000000000000000000e+02
2.000000000000000000e+02
2.000000000000000000e+02
2.000000000000000000e+02
2.000000000000000000e+02
2.000000000000000000e+02
2.000000000000000000e+02
2.000000000000000000e+02
2.000000000000000000e+02
2.000000000000000000e+02
2.000000000000000000e+02
2.000000000000000000e+02
2.000000000000000000e+02
2.000000000000000000e+02
2.000000000000000000e+02
2.000000000000000000e+02
2.000000000000000000e+02
2.000000000000000000e+02
2.000000000000000000e+02
2.000000000000000000e+02
2.000000000000000000e+02
2.000000000000000000e+02
2.000000000000000000e+02
2.000000000000000000e+02
2.000000000000000000e+02
2.000000000000000000e+02
2.000000000000000000e+02
2.000000000000000000e+02
2.000000000000000000e+02
2.000000000000000000e+02
2.000000000000000000e+02
2.000000000000000000e+02
2.000000000000000000e+02
2.000000000000000000e+02
2.000000000000000000e+02
2.000000000000000000e+02
2.000000000000000000e+02
2.000000000000000000e+02
2.000000000000000000e+02
2.000000000000000000e+02
2.000000000000000000e+02
2.000000000000000000e+02
2.000000000000000000e+02
2.000000000000000000e+02
2.000000000000000000e+02
2.000000000000000000e+02
2.000000000000000000e+02
2.000000000000000000e+02
2.000000000000000000e+02
2.000000000000000000e+02
2.000000000000000000e+02
2.000000000000000000e+02
2.000000000000000000e+02
2.000000000000000000e+02
2.000000000000000000e+02
2.000000000000000000e+02
2.000000000000000000e+02
2.000000000000000000e+02
2.000000000000000000e+02
2.000000000000000000e+02
2.000000000000000000e+02
2.000000000000000000e+02
2.000000000000000000e+02
2.000000000000000000e+02
2.000000000000000000e+02
2.000000000000000000e+02
2.000000000000000000e+02
2.000000000000000000e+02
2.000000000000000000e+02
2.000000000000000000e+02
2.000000000000000000e+02
2.000000000000000000e+02
2.000000000000000000e+02
2.000000000000000000e+02
2.000000000000000000e+02
2.000000000000000000e+02
