9.599999999999999645e+00
9.400000000000000355e+00
9.099999999999999645e+00
9.300000000000000711e+00
9.699999999999999289e+00
9.699999999999999289e+00
9.300000000000000711e+00
9.599999999999999645e+00
9.400000000000000355e+00
9.000000000000000000e+00
9.699999999999999289e+00
9.199999999999999289e+00
9.599999999999999645e+00
9.599999999999999645e+00
9.099999999999999645e+00
9.400000000000000355e+00
9.300000000000000711e+00
9.599999999999999645e+00
9.900000000000000355e+00
1.059999999999999964e+01
1.080000000000000071e+01
1.059999999999999964e+01
1.030000000000000071e+01
1.069999999999999929e+01
1.309999999999999964e+01
1.309999999999999964e+01
1.300000000000000000e+01
1.490000000000000036e+01
1.700000000000000000e+01
1.880000000000000071e+01
2.200000000000000000e+01
2.739999999999999858e+01
2.130000000000000071e+01
2.439999999999999858e+01
1.269999999999999929e+01
1.150000000000000000e+01
1.000000000000000000e+01
1.019999999999999929e+01
9.500000000000000000e+00
1.219999999999999929e+01
1.660000000000000142e+01
5.789999999999999858e+01
1.000000000000000000e+01
1.459999999999999964e+01
9.699999999999999289e+00
9.199999999999999289e+00
9.300000000000000711e+00
9.099999999999999645e+00
9.500000000000000000e+00
9.300000000000000711e+00
9.699999999999999289e+00
9.900000000000000355e+00
1.430000000000000071e+01
2.380000000000000071e+01
3.119999999999999929e+01
1.639999999999999858e+01
1.040000000000000036e+01
9.199999999999999289e+00
9.300000000000000711e+00
1.150000000000000000e+01
1.169999999999999929e+01
1.109999999999999964e+01
1.209999999999999964e+01
1.250000000000000000e+01
1.500000000000000000e+01
1.619999999999999929e+01
2.089999999999999858e+01
2.750000000000000000e+01
3.069999999999999929e+01
3.760000000000000142e+01
4.150000000000000000e+01
7.420000000000000284e+01
4.870000000000000284e+01
2.960000000000000142e+01
2.600000000000000000e+01
3.650000000000000000e+01
3.050000000000000000e+01
4.320000000000000284e+01
3.389999999999999858e+01
2.150000000000000000e+01
1.800000000000000000e+01
1.660000000000000142e+01
1.450000000000000000e+01
1.789999999999999858e+01
1.789999999999999858e+01
2.639999999999999858e+01
3.150000000000000000e+01
4.739999999999999858e+01
6.150000000000000000e+01
5.039999999999999858e+01
8.740000000000000568e+01
5.679999999999999716e+01
4.710000000000000142e+01
5.400000000000000000e+01
3.439999999999999858e+01
2.410000000000000142e+01
2.510000000000000142e+01
5.570000000000000284e+01
4.089999999999999858e+01
6.940000000000000568e+01
5.879999999999999716e+01
2.739999999999999858e+01
4.439999999999999858e+01
2.980000000000000071e+01
4.179999999999999716e+01
3.329999999999999716e+01
4.989999999999999858e+01
4.470000000000000284e+01
6.079999999999999716e+01
3.950000000000000000e+01
2.869999999999999929e+01
3.089999999999999858e+01
2.230000000000000071e+01
2.869999999999999929e+01
4.510000000000000142e+01
6.559999999999999432e+01
5.089999999999999858e+01
6.429999999999999716e+01
3.100000000000000000e+01
5.839999999999999858e+01
5.279999999999999716e+01
3.180000000000000071e+01
1.030000000000000071e+01
1.059999999999999964e+01
9.699999999999999289e+00
1.009999999999999964e+01
2.100000000000000000e+01
3.180000000000000071e+01
1.480000000000000071e+01
9.699999999999999289e+00
9.099999999999999645e+00
9.500000000000000000e+00
1.240000000000000036e+01
1.719999999999999929e+01
3.520000000000000284e+01
1.234000000000000057e+02
4.900000000000000000e+01
4.300000000000000000e+01
5.529999999999999716e+01
3.810000000000000142e+01
6.179999999999999716e+01
9.840000000000000568e+01
1.212000000000000028e+02
9.800000000000000000e+01
5.270000000000000284e+01
1.545999999999999943e+02
9.800000000000000000e+01
4.760000000000000142e+01
1.185000000000000000e+02
6.110000000000000142e+01
6.170000000000000284e+01
1.165999999999999943e+02
8.859999999999999432e+01
6.250000000000000000e+01
5.510000000000000142e+01
9.400000000000000000e+01
5.810000000000000142e+01
6.550000000000000000e+01
4.689999999999999858e+01
7.100000000000000000e+01
7.379999999999999716e+01
6.620000000000000284e+01
8.300000000000000000e+01
5.939999999999999858e+01
1.245999999999999943e+02
1.094000000000000057e+02
5.860000000000000142e+01
8.259999999999999432e+01
4.989999999999999858e+01
5.189999999999999858e+01
4.850000000000000000e+01
6.070000000000000284e+01
7.890000000000000568e+01
7.070000000000000284e+01
7.679999999999999716e+01
9.070000000000000284e+01
6.800000000000000000e+01
6.050000000000000000e+01
3.739999999999999858e+01
6.790000000000000568e+01
7.279999999999999716e+01
6.690000000000000568e+01
7.290000000000000568e+01
1.092000000000000028e+02
5.720000000000000284e+01
3.879999999999999716e+01
6.750000000000000000e+01
6.310000000000000142e+01
4.600000000000000000e+01
1.460000000000000000e+02
5.710000000000000142e+01
5.300000000000000000e+01
5.710000000000000142e+01
9.159999999999999432e+01
5.810000000000000142e+01
1.202999999999999972e+02
6.039999999999999858e+01
5.239999999999999858e+01
7.479999999999999716e+01
5.850000000000000000e+01
5.329999999999999716e+01
5.079999999999999716e+01
1.070999999999999943e+02
1.346999999999999886e+02
1.062000000000000028e+02
1.348000000000000114e+02
1.052000000000000028e+02
1.034000000000000057e+02
1.105000000000000000e+02
6.540000000000000568e+01
7.120000000000000284e+01
7.370000000000000284e+01
9.640000000000000568e+01
7.390000000000000568e+01
2.650000000000000000e+01
2.789999999999999858e+01
6.700000000000000000e+01
1.189000000000000057e+02
7.270000000000000284e+01
5.820000000000000284e+01
4.489999999999999858e+01
4.529999999999999716e+01
5.929999999999999716e+01
5.529999999999999716e+01
6.339999999999999858e+01
7.490000000000000568e+01
9.329999999999999716e+01
7.000000000000000000e+01
1.102999999999999972e+02
1.024000000000000057e+02
9.370000000000000284e+01
2.039999999999999858e+01
1.480000000000000071e+01
1.430000000000000071e+01
1.830000000000000071e+01
1.980000000000000071e+01
4.539999999999999858e+01
3.839999999999999858e+01
2.050000000000000000e+01
1.669999999999999929e+01
1.359999999999999964e+01
1.309999999999999964e+01
1.580000000000000071e+01
2.569999999999999929e+01
2.769999999999999929e+01
8.059999999999999432e+01
1.774000000000000057e+02
7.079999999999999716e+01
8.409999999999999432e+01
8.350000000000000000e+01
9.340000000000000568e+01
7.750000000000000000e+01
9.929999999999999716e+01
1.007999999999999972e+02
7.829999999999999716e+01
1.748000000000000114e+02
1.335000000000000000e+02
1.050999999999999943e+02
1.653000000000000114e+02
1.316999999999999886e+02
1.341999999999999886e+02
1.641999999999999886e+02
1.651999999999999886e+02
1.756999999999999886e+02
1.440000000000000000e+02
1.683000000000000114e+02
1.575000000000000000e+02
1.543000000000000114e+02
1.032999999999999972e+02
8.259999999999999432e+01
1.182000000000000028e+02
6.709999999999999432e+01
1.580999999999999943e+02
1.483000000000000114e+02
1.212999999999999972e+02
1.680999999999999943e+02
1.605000000000000000e+02
1.749000000000000057e+02
1.879000000000000057e+02
1.120999999999999943e+02
1.464000000000000057e+02
1.393000000000000114e+02
1.755999999999999943e+02
1.358000000000000114e+02
1.855000000000000000e+02
1.636999999999999886e+02
1.839000000000000057e+02
1.820999999999999943e+02
1.596999999999999886e+02
1.739000000000000057e+02
1.296999999999999886e+02
1.693000000000000114e+02
1.444000000000000057e+02
1.335000000000000000e+02
8.559999999999999432e+01
7.500000000000000000e+01
1.618000000000000114e+02
3.820000000000000284e+01
2.980000000000000071e+01
1.440000000000000036e+01
1.800000000000000000e+01
1.780000000000000071e+01
9.570000000000000284e+01
8.579999999999999716e+01
9.770000000000000284e+01
4.650000000000000000e+01
4.979999999999999716e+01
5.300000000000000000e+01
3.920000000000000284e+01
8.359999999999999432e+01
1.434000000000000057e+02
1.434000000000000057e+02
9.120000000000000284e+01
8.379999999999999716e+01
5.420000000000000284e+01
6.770000000000000284e+01
3.550000000000000000e+01
2.869999999999999929e+01
2.710000000000000142e+01
2.500000000000000000e+01
2.469999999999999929e+01
2.460000000000000142e+01
4.739999999999999858e+01
1.270999999999999943e+02
1.935999999999999943e+02
1.775999999999999943e+02
1.893000000000000114e+02
2.000000000000000000e+02
1.929000000000000057e+02
1.815999999999999943e+02
1.639000000000000057e+02
1.621999999999999886e+02
1.920000000000000000e+02
1.939000000000000057e+02
1.889000000000000057e+02
2.000000000000000000e+02
1.970999999999999943e+02
1.864000000000000057e+02
1.475000000000000000e+02
1.240999999999999943e+02
7.720000000000000284e+01
9.479999999999999716e+01
1.009000000000000057e+02
7.090000000000000568e+01
7.959999999999999432e+01
9.790000000000000568e+01
7.809999999999999432e+01
6.509999999999999432e+01
5.320000000000000284e+01
9.150000000000000000e+01
1.124000000000000057e+02
9.059999999999999432e+01
7.479999999999999716e+01
7.959999999999999432e+01
8.520000000000000284e+01
6.490000000000000568e+01
8.220000000000000284e+01
6.200000000000000000e+01
6.110000000000000142e+01
6.750000000000000000e+01
5.750000000000000000e+01
8.079999999999999716e+01
6.859999999999999432e+01
5.589999999999999858e+01
4.889999999999999858e+01
5.139999999999999858e+01
6.039999999999999858e+01
7.090000000000000568e+01
4.939999999999999858e+01
8.329999999999999716e+01
5.779999999999999716e+01
6.659999999999999432e+01
9.529999999999999716e+01
6.600000000000000000e+01
9.840000000000000568e+01
1.147000000000000028e+02
1.072000000000000028e+02
7.670000000000000284e+01
5.839999999999999858e+01
5.539999999999999858e+01
5.839999999999999858e+01
5.170000000000000284e+01
6.010000000000000142e+01
6.650000000000000000e+01
5.110000000000000142e+01
4.789999999999999858e+01
4.389999999999999858e+01
7.640000000000000568e+01
6.000000000000000000e+01
6.859999999999999432e+01
1.025000000000000000e+02
6.360000000000000142e+01
6.679999999999999716e+01
5.150000000000000000e+01
6.820000000000000284e+01
7.279999999999999716e+01
5.329999999999999716e+01
6.020000000000000284e+01
4.550000000000000000e+01
1.189000000000000057e+02
1.408000000000000114e+02
5.429999999999999716e+01
9.659999999999999432e+01
8.800000000000000000e+01
6.559999999999999432e+01
6.990000000000000568e+01
1.182000000000000028e+02
8.070000000000000284e+01
7.790000000000000568e+01
1.388000000000000114e+02
7.709999999999999432e+01
1.210000000000000000e+02
1.530000000000000000e+02
1.204000000000000057e+02
1.415000000000000000e+02
1.616999999999999886e+02
1.853000000000000114e+02
1.575000000000000000e+02
1.670000000000000000e+02
1.810999999999999943e+02
1.566999999999999886e+02
1.420000000000000000e+02
1.520999999999999943e+02
1.800000000000000000e+02
1.749000000000000057e+02
1.665000000000000000e+02
1.755999999999999943e+02
1.588000000000000114e+02
1.345000000000000000e+02
1.390999999999999943e+02
1.665999999999999943e+02
1.905999999999999943e+02
1.738000000000000114e+02
1.905000000000000000e+02
1.939000000000000057e+02
1.996999999999999886e+02
1.620999999999999943e+02
1.995999999999999943e+02
2.000000000000000000e+02
2.000000000000000000e+02
1.845000000000000000e+02
2.000000000000000000e+02
1.107000000000000028e+02
1.998000000000000114e+02
2.000000000000000000e+02
2.000000000000000000e+02
2.000000000000000000e+02
2.000000000000000000e+02
2.000000000000000000e+02
2.000000000000000000e+02
1.925000000000000000e+02
2.000000000000000000e+02
1.830999999999999943e+02
1.319000000000000057e+02
2.000000000000000000e+02
1.785999999999999943e+02
2.000000000000000000e+02
1.544000000000000057e+02
1.074000000000000057e+02
1.235000000000000000e+02
1.235999999999999943e+02
1.346999999999999886e+02
1.689000000000000057e+02
1.706999999999999886e+02
1.087000000000000028e+02
7.240000000000000568e+01
9.240000000000000568e+01
2.369999999999999929e+01
6.339999999999999858e+01
9.800000000000000711e+00
9.300000000000000711e+00
1.409999999999999964e+01
1.320999999999999943e+02
1.380000000000000071e+01
1.140000000000000036e+01
9.400000000000000355e+00
9.400000000000000355e+00
9.800000000000000711e+00
1.440000000000000036e+01
2.380000000000000071e+01
1.252999999999999972e+02
2.000000000000000000e+02
2.000000000000000000e+02
1.495999999999999943e+02
1.464000000000000057e+02
1.573000000000000114e+02
1.819000000000000057e+02
1.808000000000000114e+02
1.738000000000000114e+02
1.849000000000000057e+02
1.943000000000000114e+02
1.870999999999999943e+02
1.865000000000000000e+02
1.935999999999999943e+02
1.920999999999999943e+02
1.940999999999999943e+02
1.990999999999999943e+02
1.859000000000000057e+02
1.729000000000000057e+02
1.864000000000000057e+02
1.940999999999999943e+02
1.865999999999999943e+02
1.903000000000000114e+02
1.915999999999999943e+02
1.820000000000000000e+02
1.981999999999999886e+02
1.896999999999999886e+02
1.964000000000000057e+02
1.874000000000000057e+02
1.880999999999999943e+02
1.879000000000000057e+02
1.916999999999999886e+02
1.993000000000000114e+02
1.978000000000000114e+02
1.914000000000000057e+02
1.914000000000000057e+02
1.950000000000000000e+02
1.966999999999999886e+02
1.980999999999999943e+02
1.939000000000000057e+02
2.000000000000000000e+02
1.958000000000000114e+02
1.955999999999999943e+02
1.954000000000000057e+02
1.955999999999999943e+02
1.996999999999999886e+02
1.980999999999999943e+02
1.981999999999999886e+02
1.993000000000000114e+02
1.940999999999999943e+02
1.990000000000000000e+02
2.000000000000000000e+02
1.984000000000000057e+02
1.980999999999999943e+02
1.998000000000000114e+02
2.000000000000000000e+02
1.995999999999999943e+02
2.000000000000000000e+02
1.989000000000000057e+02
2.000000000000000000e+02
1.981999999999999886e+02
1.991999999999999886e+02
2.000000000000000000e+02
2.000000000000000000e+02
1.988000000000000114e+02
1.994000000000000057e+02
2.000000000000000000e+02
2.000000000000000000e+02
2.000000000000000000e+02
2.000000000000000000e+02
2.000000000000000000e+02
2.000000000000000000e+02
2.000000000000000000e+02
2.000000000000000000e+02
2.000000000000000000e+02
2.000000000000000000e+02
2.000000000000000000e+02
2.000000000000000000e+02
2.000000000000000000e+02
2.000000000000000000e+02
2.000000000000000000e+02
2.000000000000000000e+02
2.000000000000000000e+02
2.000000000000000000e+02
2.000000000000000000e+02
2.000000000000000000e+02
2.000000000000000000e+02
2.000000000000000000e+02
2.000000000000000000e+02
2.000000000000000000e+02
2.000000000000000000e+02
2.000000000000000000e+02
2.000000000000000000e+02
2.000000000000000000e+02
2.000000000000000000e+02
2.000000000000000000e+02
2.000000000000000000e+02
2.000000000000000000e+02
2.000000000000000000e+02
2.000000000000000000e+02
2.000000000000000000e+02
2.000000000000000000e+02
2.000000000000000000e+02
2.000000000000000000e+02
2.000000000000000000e+02
2.000000000000000000e+02
2.000000000000000000e+02
2.000000000000000000e+02
