0.0005607128259725869
0.5157279968261719
0.4618922770023346
0.3621177673339844
0.3118504285812378
0.2857241928577423
0.2756667137145996
0.26001518964767456
0.2801739573478699
0.3176864683628082
0.23962393403053284
0.34595581889152527
0.27774348855018616
0.1472891867160797
0.17547990381717682
0.2527167797088623
0.2938570976257324
0.16208525002002716
0.21924957633018494
0.18729281425476074
0.1620873212814331
0.19072899222373962
0.21924975514411926
0.17930437624454498
0.17680855095386505
0.13569733500480652
0.14650647342205048
0.1374424248933792
0.16160260140895844
0.111201211810112
0.2467460036277771
0.12678930163383484
0.23241101205348969
0.12659108638763428
0.18950417637825012
0.1605473905801773
0.1671205759048462
0.20053845643997192
0.15341058373451233
0.10146305710077286
0.1049228310585022
0.1550343632698059
0.1011611595749855
0.15652692317962646
0.12204814702272415
0.08793201297521591
0.12376847863197327
0.09691832214593887
0.11174847185611725
0.15405485033988953
0.080926313996315
0.08924368023872375
0.11535077542066574
0.11034492403268814
0.09888442605733871
0.1011105626821518
0.10950775444507599
0.14140717685222626
0.08703490346670151
0.1207495927810669
0.058145761489868164
0.0715792179107666
0.1227167397737503
0.107520192861557
0.08784664422273636
0.09100045263767242
0.09250440448522568
0.05587811395525932
0.0942380502820015
0.08195672184228897
0.04309895634651184
0.08277250081300735
0.07400121539831161
0.07354333996772766
0.07457973808050156
0.10386422276496887
0.09894701838493347
0.13339146971702576
0.0412956103682518
0.04619941487908363
0.11731009930372238
0.09521182626485825
0.11011069267988205
0.09770838171243668
0.07889792323112488
0.05920666083693504
0.053176384419202805
0.07142306864261627
0.06657474488019943
0.09801231324672699
0.08211728930473328
0.062464963644742966
0.039111070334911346
0.05978674441576004
0.04794136807322502
0.04882605001330376
0.047966279089450836
0.042528219521045685
0.0748412236571312
0.04080464690923691
0.05641601234674454
0.02851051650941372
0.04152114689350128
0.09077998250722885
0.0690935030579567
0.038784209638834
0.06851590424776077
0.05799882113933563
0.041201867163181305
0.033362023532390594
0.044562485069036484
0.0627981647849083
0.05025347322225571
0.0534704253077507
0.028150036931037903
0.04577428847551346
0.06262420117855072
0.0661129429936409
0.09725587069988251
0.10456351190805435
0.0456523559987545
0.039616238325834274
0.046936020255088806
0.034939106553792953
0.047645799815654755
0.056928474456071854
0.04795358330011368
0.045656297355890274
0.07161132246255875
0.06167013198137283
0.03580030798912048
0.06258434057235718
0.030629510059952736
0.016437675803899765
0.04458329454064369
0.11447693407535553
0.02539552003145218
0.02183089777827263
0.053118400275707245
0.06695196777582169
0.025480328127741814
0.023664552718400955
0.07012271881103516
0.025874286890029907
0.015792055055499077
0.028922051191329956
0.07474468648433685
0.025016626343131065
0.04847217723727226
0.04603269696235657
0.02707384154200554
0.023218192160129547
0.06195428594946861
0.0670347660779953
0.013249658048152924
0.04428664222359657
0.020815053954720497
0.033378664404153824
0.020258447155356407
0.02891599014401436
0.016038861125707626
0.051016852259635925
0.08357902616262436
0.05973557382822037
0.022688813507556915
0.13105596601963043
0.03261944651603699
0.027573619037866592
0.021851813420653343
0.009005406871438026
0.013877454213798046
0.09134837985038757
0.010846353136003017
0.018865900114178658
0.062155336141586304
0.017033278942108154
0.016642199829220772
0.009568384848535061
0.0589618906378746
0.013833136297762394
0.01928739994764328
0.031712450087070465
0.04490292817354202
0.01344304345548153
0.0379873625934124
0.012035073712468147
0.00983511470258236
0.022240767255425453
0.010254316963255405
0.010691630654036999
0.01124544721096754
0.0923137366771698
0.041692834347486496
0.02116725593805313
0.056202832609415054
0.05407794564962387
0.0903472825884819
0.016286607831716537
0.019499285146594048
0.03438654914498329
0.07525717467069626
0.05684608966112137
0.05818453058600426
0.0070938169956207275
0.028186291456222534
0.03521110489964485
0.051146961748600006
0.04084732383489609
0.008499596267938614
0.061257198452949524
0.04020309075713158
0.04083772003650665
0.04631931334733963
0.07873843610286713
0.03755320608615875
0.006891331635415554
0.006367931142449379
0.0296619925647974
0.044301293790340424
0.03885544091463089
0.037134066224098206
0.008286991156637669
0.0316748172044754
0.008256606757640839
0.010639471933245659
0.01156765315681696
0.024608463048934937
0.051140524446964264
0.03993670269846916
0.015569731593132019
0.021926822140812874
0.020419716835021973
0.00605864729732275
0.03841274604201317
0.015759814530611038
0.04820667579770088
0.009229717776179314
0.004436991177499294
0.0755222961306572
0.030158113688230515
0.014849080704152584
0.03947722166776657
0.04962356761097908
0.12436177581548691
0.07427053898572922
0.11075393855571747
0.040763743221759796
0.04057865962386131
0.03624998778104782
0.023955415934324265
0.016051912680268288
0.013963083736598492
0.010675215162336826
0.07258995622396469
0.07462979108095169
0.0077248928137123585
0.03667750209569931
0.008598877117037773
0.03635428473353386
0.04161781817674637
0.012577873654663563
0.005191172007471323
0.0810023695230484
0.04461708292365074
0.03486386314034462
0.0058549619279801846
0.007873306050896645
0.03115100786089897
0.007677783723920584
0.017338603734970093
0.030029885470867157
0.005650287494063377
0.016981417313218117
0.002974061295390129
0.07215525209903717
0.0066446964628994465
0.05290134996175766
0.006385815795511007
0.04504702612757683
0.049412503838539124
0.054282814264297485
0.010053043253719807
0.015355197712779045
0.10543457418680191
0.03972671926021576
0.008735469542443752
0.0397164449095726
0.006390559487044811
0.03491450473666191
0.058106813579797745
0.009783685207366943
0.008790446445345879
0.03480789065361023
0.009030780754983425
0.009092058055102825
0.003919973038136959
0.07914000004529953
0.03510024771094322
0.0873921662569046
0.09772751480340958
0.0029200080316513777
0.003291881876066327
0.03243459016084671
0.043791577219963074
0.01682698167860508
0.015295818448066711
0.034873899072408676
0.0301821306347847
0.03845035657286644
0.10208404064178467
0.12624333798885345
0.004181951750069857
0.066081203520298
0.10763945430517197
0.0028958043549209833
0.03420363739132881
0.0351383276283741
0.03983505070209503
0.004025979433208704
0.050245534628629684
0.006164744962006807
0.007354313973337412
0.010457375086843967
0.03848149627447128
0.009854691103100777
0.0042760008946061134
0.010776527225971222
0.03558534011244774
0.03251418471336365
0.008627085946500301
0.007995372638106346
0.04180704802274704
0.012081197462975979
0.030632203444838524
0.010534699074923992
0.00481556449085474
0.1139766275882721
0.03501967340707779
0.008769085630774498
0.007946468889713287
0.03563329204916954
0.03424718603491783
0.036528266966342926
0.03516664728522301
0.007057899609208107
0.0406949482858181
0.03927775099873543
0.03770402818918228
0.0037825743202120066
0.062454041093587875
0.035545315593481064
0.003935373853892088
0.030164875090122223
0.007249671965837479
0.07603998482227325
0.05750352889299393
0.03617892041802406
0.03514811396598816
0.031356990337371826
0.09387116134166718
0.003071944462135434
0.0052306028082966805
0.00491167651489377
0.05630854517221451
0.034762121737003326
0.06429971754550934
0.02984279952943325
0.07877445966005325
0.0028506191447377205
0.056089144200086594
0.007131314370781183
0.041193313896656036
0.004488410893827677
0.03562816232442856
0.00917148683220148
0.029468419030308723
0.005431791767477989
0.005781569052487612
0.005023621022701263
0.005473784636706114
0.0037680102977901697
0.0069503458216786385
0.03611869737505913
0.0381094329059124
0.07689962536096573
0.03502961993217468
0.007484710309654474
0.03517021983861923
0.04216405376791954
0.03440091386437416
0.05926850810647011
0.10469446331262589
0.07271133363246918
0.0342855378985405
0.06109272316098213
0.03674733638763428
0.0036996984854340553
0.004982154816389084
0.0032354877330362797
0.03217031806707382
0.004176589194685221
0.003729181131348014
0.030206428840756416
0.007619465701282024
0.037769243121147156
0.032244328409433365
0.006088352762162685
0.004289305303245783
0.007321139331907034
0.05902537330985069
0.004088485147804022
0.03743410110473633
0.03509151563048363
0.03546980768442154
0.004928535781800747
0.0029968409799039364
0.007937828078866005
0.0050119985826313496
0.004921668209135532
0.060141947120428085
0.004451441578567028
0.03625237196683884
0.07765721529722214
0.005545216146856546
0.004611242096871138
0.004055927973240614
0.027752144262194633
0.003290788969025016
0.005159254185855389
0.057416435331106186
0.03909221664071083
0.002737061819061637
0.025887342169880867
0.02748960442841053
0.0039856028743088245
0.037282709032297134
0.0035048460122197866
0.0029871882870793343
0.0035134432837367058
0.005531736649572849
0.06493931263685226
0.0023706876672804356
0.006412805058062077
0.00704060448333621
0.03731836751103401
0.004920418839901686
0.0029931743629276752
0.03629271313548088
0.004200636874884367
0.06284530460834503
0.0029393979348242283
0.004098932724446058
0.0025267954915761948
0.004225044045597315
0.005777471233159304
0.058140289038419724
0.031400423496961594
0.00355701195076108
0.0323353037238121
0.06508217006921768
0.002709427382797003
0.006416521035134792
0.0032171730417758226
0.06463716924190521
0.054952144622802734
0.14468789100646973
0.005678403656929731
0.027030037716031075
0.03768565133213997
0.037622932344675064
0.003642900614067912
0.002914369571954012
0.04214383661746979
0.0042035854421556
0.06692000478506088
0.004328981973230839
0.036379050463438034
0.003136895364150405
0.003933653701096773
0.004037660546600819
0.030640054494142532
0.0026365863159298897
0.0026201624423265457
0.05268428474664688
0.02787945233285427
0.003075428307056427
0.002914273180067539
0.034226931631565094
0.034030430018901825
0.004840830806642771
0.003835090436041355
0.00295382016338408
0.004056826699525118
0.03676093742251396
0.005686056800186634
0.003983258735388517
0.004794716835021973
0.058614831417798996
0.0032732749823480844
0.0320395901799202
0.03415343537926674
0.03383027762174606
0.0047358679585158825
0.06753169000148773
0.06739720702171326
0.036902595311403275
0.004202458541840315
0.05892506614327431
0.004078208468854427
0.043866612017154694
0.03353957459330559
0.003057283814996481
0.004523544572293758
0.03637102246284485
0.002911053132265806
0.06730043143033981
0.005001656711101532
0.034487366676330566
0.029474757611751556
0.003314441768452525
0.06041143462061882
0.03089652583003044
0.09153873473405838
0.03161460906267166
0.06236201524734497
0.004690512083470821
0.0033784941770136356
0.04655466601252556
0.004188716411590576
0.05863047391176224
0.06476505845785141
0.0316682830452919
0.09596626460552216
0.03149440884590149
0.00429717218503356
0.004897119011729956
0.0033684212248772383
0.07263202965259552
0.004475538618862629
0.07277753204107285
0.0034027108922600746
0.051841069012880325
0.003302466357126832
0.06639767438173294
0.005232615862041712
0.05426431819796562
0.0033000982366502285
0.03800662234425545
0.0025497947353869677
0.09606768935918808
0.03467521443963051
0.004793583415448666
0.02843867428600788
0.002506679855287075
0.004963329527527094
0.00483130756765604
0.004108682740479708
0.0020521124824881554
0.0034634245093911886
0.0020779804326593876
0.09837601333856583
0.033018749207258224
0.004224554635584354
0.002653792267665267
0.03191783279180527
0.033135443925857544
0.030326131731271744
0.029953893274068832
0.003368132282048464
0.06060969829559326
0.004525402095168829
0.0024477194529026747
0.11312693357467651
0.06625988334417343
0.1375671923160553
0.0057955579832196236
0.03896025940775871
0.002457612194120884
0.0029339210595935583
0.031532205641269684
0.030366340652108192
0.10402335226535797
0.003519136691465974
0.032330870628356934
0.0033877852838486433
