-1.0
2.0
1.0
-2.0
7.0
-1.0
-6.0
-2.0
1.0
5.0
6.0
4.0
5.0
1.0
5.0
6.0
-2.0
-6.0
4.0
1.0
-3.0
6.0
6.0
6.0
-1.0
4.0
2.0
8.0
1.0
3.0
0.0
-1.0
3.0
-2.0
1.0
-1.0
5.0
1.0
2.0
4.0
0.0
3.0
3.0
-1.0
3.0
1.0
-3.0
-1.0
-2.0
0.0
3.0
-1.0
3.0
-2.0
13.0
-2.0
7.0
1.0
-16.0
0.0
7.0
3.0
-3.0
4.0
-2.0
-5.0
5.0
3.0
7.0
6.0
2.0
1.0
-1.0
-1.0
-4.0
2.0
1.0
-1.0
0.0
8.0
-2.0
2.0
3.0
3.0
0.0
-1.0
5.0
5.0
5.0
1.0
3.0
1.0
1.0
5.0
6.0
0.0
-3.0
20.0
12.0
4.0
2.0
-13.0
2.0
-7.0
2.0
3.0
4.0
6.0
6.0
3.0
2.0
-6.0
3.0
6.0
3.0
3.0
1.0
-3.0
-13.0
3.0
2.0
0.0
1.0
2.0
4.0
16.0
10.0
0.0
-5.0
-1.0
6.0
4.0
-1.0
2.0
7.0
12.0
5.0
7.0
-1.0
8.0
0.0
-2.0
8.0
6.0
12.0
-12.0
6.0
5.0
6.0
6.0
-3.0
-1.0
-2.0
2.0
14.0
15.0
15.0
11.0
15.0
5.0
10.0
20.0
6.0
-2.0
13.0
-1.0
8.0
9.0
7.0
-3.0
3.0
13.0
2.0
12.0
6.0
4.0
6.0
-4.0
12.0
5.0
11.0
-3.0
1.0
9.0
2.0
11.0
8.0
-1.0
4.0
16.0
11.0
18.0
6.0
8.0
0.0
3.0
23.0
-3.0
14.0
-7.0
4.0
24.0
2.0
3.0
13.0
-3.0
3.0
13.0
13.0
8.0
11.0
4.0
13.0
4.0
13.0
11.0
11.0
15.0
5.0
17.0
0.0
-1.0
18.0
-4.0
4.0
3.0
0.0
2.0
31.0
-2.0
0.0
2.0
5.0
4.0
4.0
12.0
10.0
25.0
7.0
8.0
14.0
2.0
5.0
5.0
9.0
20.0
29.0
5.0
21.0
29.0
-2.0
3.0
10.0
4.0
10.0
11.0
5.0
5.0
29.0
8.0
7.0
9.0
7.0
14.0
2.0
19.0
25.0
2.0
25.0
14.0
6.0
18.0
6.0
8.0
14.0
4.0
7.0
17.0
10.0
8.0
21.0
26.0
17.0
20.0
12.0
26.0
4.0
8.0
27.0
4.0
5.0
0.0
4.0
24.0
10.0
18.0
15.0
14.0
0.0
9.0
21.0
19.0
3.0
12.0
10.0
8.0
9.0
16.0
7.0
31.0
31.0
5.0
15.0
1.0
13.0
5.0
29.0
30.0
16.0
10.0
9.0
18.0
16.0
9.0
22.0
28.0
8.0
24.0
25.0
10.0
38.0
46.0
20.0
22.0
19.0
14.0
10.0
23.0
12.0
16.0
12.0
26.0
3.0
22.0
19.0
0.0
1.0
24.0
14.0
31.0
12.0
8.0
12.0
13.0
2.0
1.0
8.0
28.0
19.0
17.0
18.0
8.0
33.0
26.0
4.0
34.0
26.0
22.0
24.0
3.0
20.0
0.0
5.0
2.0
14.0
34.0
29.0
23.0
23.0
32.0
11.0
20.0
9.0
22.0
29.0
17.0
26.0
46.0
24.0
49.0
35.0
39.0
37.0
39.0
36.0
12.0
31.0
37.0
16.0
45.0
41.0
15.0
17.0
3.0
22.0
42.0
28.0
50.0
25.0
16.0
42.0
28.0
30.0
35.0
26.0
18.0
36.0
27.0
20.0
21.0
33.0
36.0
31.0
44.0
34.0
36.0
34.0
22.0
36.0
29.0
16.0
21.0
38.0
39.0
19.0
24.0
43.0
24.0
34.0
24.0
20.0
35.0
38.0
32.0
17.0
9.0
28.0
38.0
26.0
30.0
39.0
32.0
39.0
23.0
23.0
43.0
24.0
31.0
23.0
40.0
36.0
32.0
35.0
27.0
41.0
41.0
39.0
26.0
49.0
15.0
37.0
38.0
40.0
9.0
15.0
36.0
25.0
6.0
50.0
43.0
43.0
22.0
41.0
54.0
37.0
39.0
44.0
42.0
23.0
37.0
26.0
41.0
14.0
42.0
34.0
35.0
47.0
36.0
44.0
52.0
23.0
26.0
42.0
49.0
24.0
45.0
45.0
34.0
35.0
45.0
37.0
45.0
33.0
45.0
39.0
34.0
18.0
39.0
36.0
41.0
26.0
39.0
37.0
45.0
41.0
31.0
43.0
26.0
22.0
34.0
40.0
36.0
49.0
40.0
30.0
32.0
34.0
38.0
34.0
18.0
42.0
32.0
29.0
36.0
46.0
48.0
46.0
44.0
30.0
30.0
37.0
28.0
49.0
49.0
45.0
37.0
47.0
33.0
45.0
37.0
33.0
43.0
46.0
45.0
26.0
42.0
54.0
35.0
45.0
46.0
35.0
47.0
48.0
48.0
43.0
51.0
48.0
28.0
44.0
49.0
46.0
53.0
43.0
45.0
51.0
56.0
41.0
68.0
38.0
46.0
45.0
41.0
41.0
62.0
50.0
56.0
58.0
42.0
49.0
48.0
46.0
45.0
44.0
38.0
35.0
43.0
55.0
40.0
38.0
54.0
54.0
54.0
51.0
54.0
59.0
53.0
50.0
45.0
45.0
50.0
53.0
49.0
39.0
51.0
45.0
46.0
53.0
46.0
45.0
35.0
54.0
57.0
45.0
25.0
45.0
30.0
35.0
31.0
26.0
45.0
37.0
44.0
39.0
51.0
47.0
43.0
53.0
34.0
41.0
40.0
20.0
60.0
35.0
54.0
42.0
49.0
50.0
32.0
41.0
47.0
48.0
48.0
43.0
44.0
44.0
53.0
42.0
38.0
48.0
59.0
52.0
41.0
39.0
41.0
45.0
56.0
46.0
48.0
50.0
50.0
64.0
61.0
33.0
54.0
57.0
45.0
51.0
58.0
39.0
61.0
50.0
65.0
53.0
55.0
54.0
59.0
53.0
48.0
54.0
63.0
44.0
40.0
43.0
51.0
52.0
46.0
56.0
40.0
43.0
56.0
52.0
56.0
52.0
61.0
59.0
62.0
65.0
52.0
48.0
63.0
46.0
58.0
45.0
54.0
52.0
52.0
29.0
55.0
55.0
51.0
47.0
59.0
60.0
44.0
52.0
33.0
43.0
50.0
50.0
54.0
48.0
52.0
47.0
54.0
52.0
52.0
48.0
60.0
43.0
53.0
54.0
49.0
43.0
57.0
43.0
49.0
55.0
51.0
56.0
63.0
45.0
53.0
50.0
62.0
52.0
46.0
54.0
64.0
61.0
58.0
48.0
50.0
55.0
52.0
51.0
54.0
51.0
49.0
59.0
45.0
43.0
44.0
58.0
38.0
51.0
49.0
51.0
58.0
45.0
46.0
49.0
52.0
54.0
54.0
57.0
51.0
49.0
61.0
58.0
58.0
55.0
59.0
43.0
55.0
51.0
49.0
51.0
61.0
47.0
57.0
55.0
41.0
54.0
53.0
67.0
61.0
51.0
49.0
47.0
47.0
51.0
57.0
67.0
70.0
66.0
66.0
48.0
65.0
55.0
54.0
53.0
58.0
53.0
54.0
67.0
61.0
59.0
53.0
52.0
55.0
60.0
51.0
58.0
54.0
56.0
50.0
60.0
53.0
63.0
55.0
46.0
54.0
50.0
55.0
42.0
61.0
43.0
43.0
47.0
50.0
62.0
41.0
45.0
49.0
57.0
55.0
50.0
50.0
54.0
57.0
58.0
61.0
52.0
57.0
58.0
62.0
50.0
57.0
67.0
58.0
60.0
70.0
53.0
61.0
58.0
58.0
58.0
54.0
57.0
60.0
61.0
66.0
44.0
60.0
43.0
49.0
50.0
56.0
51.0
58.0
53.0
45.0
52.0
41.0
49.0
61.0
51.0
45.0
43.0
47.0
45.0
55.0
48.0
54.0
63.0
50.0
57.0
58.0
41.0
50.0
52.0
50.0
52.0
45.0
52.0
47.0
55.0
46.0
54.0
63.0
56.0
63.0
46.0
51.0
57.0
49.0
52.0
55.0
42.0
58.0
63.0
53.0
49.0
51.0
45.0
46.0
46.0
59.0
58.0
37.0
62.0
53.0
48.0
48.0
54.0
45.0
53.0
46.0
42.0
58.0
50.0
53.0
50.0
51.0
53.0
49.0
41.0
48.0
51.0
56.0
49.0
58.0
48.0
59.0
56.0
53.0
52.0
54.0
61.0
51.0
59.0
74.0
58.0
57.0
55.0
54.0
71.0
47.0
44.0
56.0
59.0
55.0
53.0
49.0
47.0
52.0
47.0
59.0
68.0
53.0
53.0
63.0
66.0
51.0
58.0
54.0
56.0
50.0
50.0
59.0
57.0
50.0
50.0
59.0
56.0
59.0
58.0
59.0
47.0
51.0
65.0
59.0
56.0
61.0
55.0
65.0
58.0
53.0
61.0
63.0
53.0
55.0
56.0
64.0
66.0
73.0
66.0
60.0
61.0
67.0
59.0
63.0
61.0
59.0
56.0
52.0
64.0
57.0
51.0
56.0
48.0
50.0
48.0
41.0
55.0
57.0
45.0
49.0
53.0
63.0
60.0
45.0
61.0
44.0
57.0
59.0
56.0
61.0
57.0
52.0
65.0
68.0
61.0
72.0
61.0
58.0
60.0
48.0
52.0
50.0
49.0
64.0
59.0
57.0
54.0
54.0
46.0
51.0
59.0
51.0
56.0
56.0
60.0
58.0
54.0
58.0
45.0
62.0
57.0
67.0
53.0
57.0
46.0
55.0
53.0
46.0
54.0
67.0
51.0
49.0
65.0
55.0
59.0
59.0
56.0
53.0
53.0
49.0
59.0
56.0
68.0
62.0
45.0
51.0
52.0
62.0
59.0
56.0
51.0
51.0
43.0
41.0
49.0
58.0
49.0
49.0
42.0
47.0
60.0
58.0
64.0
68.0
52.0
55.0
49.0
64.0
57.0
52.0
52.0
56.0
41.0
47.0
52.0
47.0
42.0
59.0
50.0
49.0
39.0
50.0
54.0
55.0
56.0
52.0
54.0
58.0
58.0
58.0
55.0
65.0
58.0
47.0
61.0
73.0
52.0
46.0
56.0
62.0
64.0
64.0
57.0
63.0
47.0
57.0
55.0
58.0
61.0
68.0
72.0
54.0
57.0
64.0
50.0
69.0
62.0
66.0
65.0
68.0
62.0
62.0
62.0
67.0
55.0
71.0
63.0
57.0
58.0
55.0
55.0
63.0
58.0
61.0
57.0
50.0
57.0
57.0
51.0
56.0
53.0
54.0
60.0
51.0
46.0
57.0
48.0
46.0
53.0
55.0
45.0
55.0
46.0
50.0
50.0
47.0
48.0
41.0
47.0
55.0
48.0
42.0
53.0
42.0
49.0
54.0
61.0
61.0
45.0
67.0
57.0
54.0
50.0
43.0
46.0
59.0
53.0
49.0
54.0
38.0
56.0
55.0
60.0
47.0
68.0
60.0
58.0
55.0
56.0
57.0
57.0
64.0
61.0
51.0
57.0
54.0
50.0
50.0
69.0
59.0
59.0
56.0
63.0
57.0
63.0
52.0
66.0
61.0
66.0
62.0
55.0
70.0
58.0
65.0
64.0
59.0
57.0
55.0
55.0
50.0
54.0
60.0
59.0
56.0
49.0
34.0
65.0
49.0
53.0
51.0
55.0
60.0
52.0
58.0
51.0
62.0
58.0
41.0
61.0
59.0
57.0
58.0
59.0
58.0
53.0
50.0
58.0
47.0
65.0
60.0
55.0
62.0
56.0
56.0
54.0
58.0
58.0
55.0
61.0
59.0
57.0
54.0
57.0
53.0
66.0
63.0
56.0
57.0
48.0
65.0
47.0
62.0
67.0
59.0
58.0
61.0
59.0
65.0
53.0
54.0
60.0
56.0
57.0
59.0
63.0
59.0
58.0
56.0
52.0
50.0
44.0
49.0
47.0
60.0
54.0
59.0
51.0
53.0
57.0
52.0
49.0
57.0
54.0
47.0
60.0
48.0
58.0
50.0
50.0
43.0
63.0
56.0
54.0
52.0
65.0
52.0
49.0
54.0
58.0
50.0
46.0
51.0
55.0
41.0
56.0
55.0
50.0
48.0
59.0
54.0
49.0
52.0
47.0
50.0
61.0
48.0
47.0
53.0
47.0
59.0
57.0
58.0
55.0
51.0
54.0
46.0
58.0
59.0
52.0
60.0
51.0
59.0
57.0
47.0
58.0
68.0
52.0
47.0
58.0
48.0
56.0
60.0
66.0
55.0
51.0
58.0
64.0
52.0
60.0
58.0
68.0
55.0
59.0
55.0
49.0
43.0
51.0
53.0
50.0
59.0
51.0
49.0
51.0
57.0
48.0
47.0
50.0
60.0
52.0
56.0
63.0
60.0
60.0
57.0
56.0
62.0
56.0
48.0
60.0
43.0
61.0
64.0
57.0
51.0
54.0
61.0
63.0
55.0
63.0
54.0
61.0
61.0
68.0
54.0
56.0
62.0
54.0
55.0
64.0
54.0
47.0
60.0
67.0
69.0
57.0
62.0
69.0
59.0
63.0
54.0
64.0
50.0
71.0
58.0
60.0
69.0
57.0
66.0
64.0
62.0
56.0
68.0
68.0
62.0
63.0
71.0
64.0
72.0
73.0
62.0
71.0
68.0
68.0
68.0
69.0
77.0
68.0
67.0
61.0
75.0
72.0
82.0
75.0
60.0
81.0
65.0
58.0
71.0
68.0
71.0
71.0
66.0
84.0
66.0
72.0
71.0
62.0
57.0
69.0
59.0
60.0
66.0
73.0
61.0
53.0
59.0
65.0
68.0
73.0
64.0
66.0
72.0
70.0
70.0
71.0
65.0
68.0
67.0
71.0
73.0
74.0
79.0
78.0
66.0
69.0
65.0
73.0
73.0
74.0
68.0
79.0
81.0
67.0
67.0
70.0
76.0
71.0
75.0
62.0
52.0
80.0
79.0
75.0
73.0
66.0
68.0
78.0
74.0
76.0
70.0
78.0
60.0
57.0
72.0
72.0
54.0
73.0
65.0
76.0
75.0
55.0
68.0
64.0
60.0
69.0
75.0
66.0
65.0
65.0
71.0
67.0
67.0
59.0
71.0
75.0
73.0
78.0
69.0
72.0
61.0
43.0
66.0
60.0
70.0
71.0
67.0
65.0
58.0
60.0
75.0
60.0
65.0
55.0
65.0
67.0
63.0
68.0
68.0
63.0
68.0
67.0
68.0
60.0
63.0
69.0
70.0
64.0
72.0
77.0
81.0
70.0
72.0
65.0
77.0
54.0
59.0
64.0
66.0
67.0
71.0
68.0
72.0
68.0
65.0
67.0
76.0
69.0
70.0
79.0
73.0
72.0
73.0
72.0
77.0
75.0
76.0
71.0
68.0
83.0
64.0
68.0
64.0
73.0
65.0
69.0
66.0
82.0
64.0
70.0
68.0
61.0
63.0
70.0
63.0
75.0
64.0
66.0
69.0
69.0
73.0
62.0
71.0
57.0
79.0
68.0
74.0
72.0
74.0
72.0
61.0
74.0
64.0
71.0
75.0
76.0
68.0
67.0
73.0
81.0
65.0
72.0
68.0
60.0
64.0
70.0
55.0
70.0
73.0
66.0
56.0
71.0
73.0
69.0
76.0
78.0
69.0
61.0
54.0
64.0
73.0
59.0
74.0
62.0
76.0
59.0
72.0
46.0
63.0
63.0
71.0
62.0
71.0
71.0
64.0
64.0
75.0
82.0
69.0
65.0
65.0
60.0
57.0
66.0
62.0
61.0
63.0
64.0
69.0
56.0
65.0
59.0
62.0
65.0
52.0
61.0
73.0
65.0
74.0
67.0
62.0
65.0
69.0
64.0
64.0
73.0
59.0
72.0
68.0
59.0
63.0
58.0
68.0
70.0
77.0
77.0
70.0
77.0
74.0
73.0
65.0
69.0
69.0
78.0
67.0
72.0
58.0
72.0
78.0
73.0
64.0
60.0
85.0
76.0
89.0
68.0
77.0
80.0
76.0
68.0
72.0
71.0
74.0
73.0
77.0
71.0
83.0
71.0
68.0
53.0
75.0
69.0
66.0
64.0
65.0
64.0
63.0
72.0
62.0
56.0
75.0
63.0
63.0
63.0
63.0
41.0
74.0
54.0
67.0
67.0
73.0
72.0
73.0
63.0
73.0
65.0
74.0
50.0
66.0
60.0
63.0
70.0
66.0
68.0
68.0
53.0
66.0
72.0
63.0
61.0
68.0
65.0
67.0
57.0
68.0
60.0
51.0
56.0
64.0
61.0
72.0
63.0
57.0
81.0
65.0
66.0
58.0
60.0
64.0
60.0
59.0
50.0
68.0
62.0
66.0
66.0
60.0
70.0
72.0
64.0
53.0
60.0
62.0
60.0
66.0
58.0
56.0
66.0
66.0
59.0
70.0
60.0
56.0
63.0
47.0
51.0
57.0
65.0
55.0
66.0
59.0
68.0
66.0
60.0
51.0
62.0
66.0
66.0
64.0
71.0
67.0
67.0
78.0
62.0
70.0
78.0
70.0
65.0
67.0
69.0
71.0
63.0
62.0
77.0
66.0
66.0
73.0
75.0
72.0
56.0
73.0
66.0
62.0
71.0
76.0
77.0
73.0
66.0
40.0
63.0
69.0
76.0
61.0
63.0
74.0
63.0
76.0
68.0
68.0
83.0
72.0
63.0
71.0
53.0
60.0
73.0
77.0
71.0
64.0
71.0
70.0
71.0
80.0
